0.000147615 , 0.000369038 , 0.000369038 , 0.00147615 , 0.00442846 , 0.00442846 , 0.0917762 , 0.209866 , 0.68714 , 
4.08684e-05 , 0.000102171 , 0.000102171 , 0.000408684 , 0.000408684 , 0.017197 , 0.0521855 , 0.167053 , 0.762502 , 
0.00294437 , 0.0117775 , 0.0117775 , 0.023555 , 0.023555 , 0.0353324 , 0.0353324 , 0.0353324 , 0.820394 , 
0.0144928 , 0.057971 , 0.057971 , 0.057971 , 0.115942 , 0.173913 , 0.173913 , 0.173913 , 0.173913 , 
0.000838695 , 0.00118848 , 0.00311026 , 0.00709606 , 0.00839928 , 0.0148889 , 0.0297979 , 0.117236 , 0.817444 , 
1.313e-05 , 3.28249e-05 , 0.0001313 , 0.0001313 , 0.0001313 , 0.000262599 , 0.000393899 , 0.00803653 , 0.990867 , 
0.000345933 , 0.00138373 , 0.00276746 , 0.00276746 , 0.00415119 , 0.0741927 , 0.108234 , 0.189063 , 0.617094 , 
0.00132429 , 0.00132429 , 0.00198643 , 0.00198643 , 0.00198643 , 0.00198643 , 0.0524467 , 0.0723757 , 0.864583 , 
0.0454545 , 0.0454545 , 0.0909091 , 0.136364 , 0.136364 , 0.136364 , 0.136364 , 0.136364 , 0.136364 , 
0.111111 , 0.111111 , 0.111111 , 0.111111 , 0.111111 , 0.111111 , 0.111111 , 0.111111 , 0.111111 , 
9.13114e-05 , 9.13114e-05 , 0.00510039 , 0.00510039 , 0.110401 , 0.110401 , 0.110401 , 0.329207 , 0.329207 , 
4.05998e-05 , 0.000101499 , 0.000405998 , 0.000405998 , 0.000811995 , 0.00121799 , 0.0276851 , 0.112028 , 0.857303 , 
0.111111 , 0.111111 , 0.111111 , 0.111111 , 0.111111 , 0.111111 , 0.111111 , 0.111111 , 0.111111 , 
3.18768e-05 , 9.56305e-05 , 9.56305e-05 , 0.00159757 , 0.00387375 , 0.00917331 , 0.0260959 , 0.11197 , 0.847067 , 
0 , 0 , 0 , 0 , 0 , 0 , 0 , 0 , 0 , 
0.00263968 , 0.00263968 , 0.00263968 , 0.00263968 , 0.00263968 , 0.00659921 , 0.00659921 , 0.00659921 , 0.967004 , 
6.85508e-05 , 0.000548407 , 0.00082261 , 0.00082261 , 0.0130323 , 0.025172 , 0.0593428 , 0.16056 , 0.739631 , 
0.000108696 , 0.000108696 , 0.00027174 , 0.00027174 , 0.0318496 , 0.0489953 , 0.0889581 , 0.189765 , 0.639671 , 
0.0769231 , 0.115385 , 0.115385 , 0.115385 , 0.115385 , 0.115385 , 0.115385 , 0.115385 , 0.115385 , 
0.00190039 , 0.00190039 , 0.00190039 , 0.00190039 , 0.00190039 , 0.00190039 , 0.138554 , 0.254595 , 0.595449 , 
0.111111 , 0.111111 , 0.111111 , 0.111111 , 0.111111 , 0.111111 , 0.111111 , 0.111111 , 0.111111 , 
1.05989e-99 , 8.98209e-92 , 1.94393e-83 , 2.70778e-75 , 4.51922e-66 , 2.0478e-55 , 2.99335e-43 , 2.12511e-27 , 1 , 
0.111111 , 0.111111 , 0.111111 , 0.111111 , 0.111111 , 0.111111 , 0.111111 , 0.111111 , 0.111111 , 
0.000485854 , 0.000485854 , 0.000485854 , 0.00485854 , 0.00971708 , 0.0145756 , 0.0145756 , 0.244257 , 0.710559 , 
4.23663e-05 , 4.23663e-05 , 4.23663e-05 , 0.000105916 , 0.000105916 , 0.000423663 , 0.000423663 , 0.0444038 , 0.95441 , 
0.00120959 , 0.00120959 , 0.00120959 , 0.00120959 , 0.00120959 , 0.00302397 , 0.00302397 , 0.0241917 , 0.963712 , 
0 , 0 , 0 , 0 , 0 , 0 , 0 , 0 , 0 , 
0.000287866 , 0.00115147 , 0.00230293 , 0.0034544 , 0.0034544 , 0.0034544 , 0.0934404 , 0.207073 , 0.685381 , 
0.00102587 , 0.00102587 , 0.00102587 , 0.00410347 , 0.0123104 , 0.0123104 , 0.164328 , 0.242103 , 0.561767 , 
0.000322152 , 0.00080538 , 0.00080538 , 0.00322152 , 0.00966456 , 0.00966456 , 0.136465 , 0.212328 , 0.626724 , 
0.000607353 , 0.00121471 , 0.00182206 , 0.00182206 , 0.00182206 , 0.00182206 , 0.00182206 , 0.228503 , 0.760565 , 
1.91109e-05 , 0.000287018 , 0.00106095 , 0.00669967 , 0.00926245 , 0.0363027 , 0.0739169 , 0.264489 , 0.607962 , 
4.74188e-06 , 4.74188e-06 , 4.74188e-06 , 4.74188e-06 , 4.74188e-06 , 4.74188e-05 , 0.000859034 , 0.0043202 , 0.99475 , 
4.34341e-05 , 4.34341e-05 , 0.000108585 , 0.000434341 , 0.000434341 , 0.000868682 , 0.0227559 , 0.10235 , 0.872961 , 
0.0194175 , 0.0194175 , 0.0194175 , 0.0194175 , 0.0485437 , 0.0485437 , 0.0485437 , 0.194175 , 0.582524 , 
0.00427868 , 0.00641801 , 0.00641801 , 0.00641801 , 0.00641801 , 0.00641801 , 0.00641801 , 0.00641801 , 0.950795 , 
4.07702e-05 , 6.45522e-05 , 0.000306098 , 0.000306098 , 0.000644931 , 0.00612273 , 0.00612273 , 0.0798206 , 0.906572 , 
0.00838486 , 0.0139175 , 0.0231999 , 0.0313005 , 0.0441824 , 0.0699571 , 0.120473 , 0.19978 , 0.488804 , 
0.000223115 , 0.000892459 , 0.00178492 , 0.00267738 , 0.0232848 , 0.042686 , 0.0871464 , 0.200698 , 0.640607 , 
4.1512e-05 , 0.000131716 , 0.0004634 , 0.00148644 , 0.00387157 , 0.00751062 , 0.021762 , 0.0653047 , 0.899428 , 
0 , 0 , 0 , 0 , 0 , 0 , 0 , 0 , 0 , 
0.000202087 , 0.000202087 , 0.000202087 , 0.00254927 , 0.00254927 , 0.00254927 , 0.330582 , 0.330582 , 0.330582 , 
0.00195622 , 0.00195622 , 0.00195622 , 0.0078249 , 0.0156498 , 0.0156498 , 0.0234747 , 0.300048 , 0.631484 , 
0.000403042 , 0.001322 , 0.00308161 , 0.00901913 , 0.018496 , 0.0341755 , 0.0860271 , 0.203334 , 0.644142 , 
6.29598e-05 , 0.000251839 , 0.000755518 , 0.0130401 , 0.0235205 , 0.0395127 , 0.0881045 , 0.18985 , 0.644902 , 
0.00470281 , 0.00470281 , 0.00705422 , 0.00705422 , 0.00705422 , 0.00705422 , 0.00705422 , 0.00705422 , 0.948269 , 
0.000409522 , 0.00278835 , 0.00285088 , 0.00487111 , 0.0064615 , 0.0119697 , 0.0324242 , 0.0587997 , 0.879425 , 
1.02615e-05 , 1.02615e-05 , 2.56538e-05 , 0.000102615 , 0.000102615 , 0.00020523 , 0.000307845 , 0.0278944 , 0.971341 , 
0.000271741 , 0.00108696 , 0.00217393 , 0.00326089 , 0.0586387 , 0.0946813 , 0.137918 , 0.213765 , 0.488203 , 
0.00333683 , 0.00333683 , 0.0133473 , 0.0133473 , 0.0266946 , 0.0266946 , 0.0400419 , 0.0400419 , 0.833159 , 
0 , 0 , 0 , 0 , 0 , 0 , 0 , 0 , 0 , 
0.00498346 , 0.00498346 , 0.00996691 , 0.0149504 , 0.0149504 , 0.0149504 , 0.0149504 , 0.316255 , 0.604009 , 
0.000121041 , 0.000121041 , 0.000302603 , 0.00121041 , 0.00363124 , 0.00363124 , 0.0802278 , 0.197002 , 0.713753 , 
0.00885214 , 0.00885214 , 0.00885214 , 0.037402 , 0.0452469 , 0.0796013 , 0.127881 , 0.214793 , 0.46852 , 
7.3578e-05 , 0.000220734 , 0.00144974 , 0.00265214 , 0.00551304 , 0.0120204 , 0.0296687 , 0.112011 , 0.83639 , 
0.000938089 , 0.000938089 , 0.000938089 , 0.0220093 , 0.0220093 , 0.0220093 , 0.310386 , 0.310386 , 0.310386 , 
2.33873e-05 , 0.000187099 , 0.000280648 , 0.00593346 , 0.0124617 , 0.0241538 , 0.0548783 , 0.184342 , 0.717739 , 
0.000845069 , 0.00376137 , 0.0061901 , 0.00977472 , 0.0202493 , 0.0371197 , 0.072652 , 0.181543 , 0.667865 , 
6.3331e-05 , 6.3331e-05 , 0.000158328 , 0.000158328 , 0.00063331 , 0.00126662 , 0.0405449 , 0.134694 , 0.822417 , 
8.97702e-05 , 0.000210915 , 0.000210915 , 0.000333715 , 0.00326034 , 0.00326034 , 0.0925624 , 0.0925624 , 0.807509 , 
0.111111 , 0.111111 , 0.111111 , 0.111111 , 0.111111 , 0.111111 , 0.111111 , 0.111111 , 0.111111 , 
0.00344848 , 0.00344848 , 0.00344848 , 0.00344848 , 0.197241 , 0.197241 , 0.197241 , 0.197241 , 0.197241 , 
0.00131057 , 0.00131057 , 0.00524226 , 0.0104845 , 0.0104845 , 0.0157268 , 0.152109 , 0.248072 , 0.55526 , 
0.00632832 , 0.00632832 , 0.00632832 , 0.00632832 , 0.194937 , 0.194937 , 0.194937 , 0.194937 , 0.194937 , 
0 , 0 , 0 , 0 , 0 , 0 , 0 , 0 , 0 , 
0.0454545 , 0.0454545 , 0.0909091 , 0.136364 , 0.136364 , 0.136364 , 0.136364 , 0.136364 , 0.136364 , 
0.000993739 , 0.00397495 , 0.00794991 , 0.0119249 , 0.0119249 , 0.0119249 , 0.0119249 , 0.0119249 , 0.927457 , 
0.016129 , 0.016129 , 0.0645161 , 0.0645161 , 0.129032 , 0.129032 , 0.193548 , 0.193548 , 0.193548 , 
3.55977e-05 , 8.89944e-05 , 8.89944e-05 , 0.000355977 , 0.0108086 , 0.0222937 , 0.0544217 , 0.154665 , 0.757242 , 
2.81778e-05 , 0.000112711 , 0.00372281 , 0.00719207 , 0.0158291 , 0.0327885 , 0.0712724 , 0.186024 , 0.68303 , 
0.111111 , 0.111111 , 0.111111 , 0.111111 , 0.111111 , 0.111111 , 0.111111 , 0.111111 , 0.111111 , 
0.000278076 , 0.00110831 , 0.00180729 , 0.00376657 , 0.00688536 , 0.0112594 , 0.0761329 , 0.154035 , 0.744727 , 
0.0013827 , 0.00345675 , 0.00345675 , 0.013827 , 0.013827 , 0.027654 , 0.027654 , 0.041481 , 0.867261 , 
1.05965e-05 , 1.05965e-05 , 1.05965e-05 , 2.64913e-05 , 0.000105965 , 0.00523549 , 0.0269195 , 0.107314 , 0.860367 , 
0.000190296 , 0.000190296 , 0.000761185 , 0.00152237 , 0.00152237 , 0.00228355 , 0.0459302 , 0.0847657 , 0.862834 , 
0.00194597 , 0.00389194 , 0.00389194 , 0.00583792 , 0.0534732 , 0.0774044 , 0.125882 , 0.216411 , 0.511262 , 
0 , 0 , 0 , 0 , 0 , 0 , 0 , 0 , 0 , 
0 , 0 , 0 , 0 , 0 , 0 , 0 , 0 , 0 , 
0.000355241 , 0.000355241 , 0.00142096 , 0.00284193 , 0.00426289 , 0.0483985 , 0.0936814 , 0.194724 , 0.653959 , 
8.78397e-06 , 1.3176e-05 , 0.00321379 , 0.00689098 , 0.013598 , 0.0200518 , 0.0383603 , 0.124567 , 0.793296 , 
1.44643e-05 , 1.66459e-05 , 2.54633e-05 , 6.6458e-05 , 0.000160092 , 0.000160092 , 0.00167971 , 0.00201532 , 0.995862 , 
0.0015724 , 0.0031448 , 0.0047172 , 0.0047172 , 0.0512654 , 0.0725674 , 0.0980881 , 0.192838 , 0.57109 , 
7.12897e-05 , 0.000604105 , 0.0013073 , 0.00280923 , 0.00826822 , 0.0169998 , 0.0474405 , 0.128234 , 0.794266 , 
0 , 0 , 0 , 0 , 0 , 0 , 0 , 0 , 0 , 
0.00114235 , 0.00114235 , 0.00171353 , 0.00171353 , 0.0249908 , 0.0489408 , 0.0901322 , 0.196403 , 0.633821 , 
0.000461624 , 0.000461624 , 0.0179567 , 0.0179567 , 0.0184396 , 0.0184396 , 0.0184396 , 0.453922 , 0.453922 , 
0.000415325 , 0.0016613 , 0.0033226 , 0.0049839 , 0.0370683 , 0.0608351 , 0.104327 , 0.197916 , 0.58947 , 
9.64287e-06 , 3.85715e-05 , 7.7143e-05 , 0.000115714 , 0.00275323 , 0.00380036 , 0.0165551 , 0.102665 , 0.873985 , 
2.2653e-05 , 5.66325e-05 , 5.66325e-05 , 5.66325e-05 , 0.00022653 , 0.00045306 , 0.00045306 , 0.0168516 , 0.981823 , 
0.0625 , 0.0625 , 0.0625 , 0.0625 , 0.125 , 0.125 , 0.125 , 0.1875 , 0.1875 , 
3.56504e-06 , 7.13008e-05 , 0.000106951 , 0.00139107 , 0.00390432 , 0.0118682 , 0.0366115 , 0.146173 , 0.79987 , 
0.00172783 , 0.014268 , 0.0184539 , 0.0313583 , 0.0429907 , 0.0703799 , 0.115178 , 0.224373 , 0.481271 , 
0 , 0 , 0 , 0 , 0 , 0 , 0 , 0 , 0 , 
0.0103093 , 0.0103093 , 0.0257732 , 0.0257732 , 0.103093 , 0.103093 , 0.206186 , 0.206186 , 0.309278 , 
3.12842e-05 , 3.12842e-05 , 3.12842e-05 , 3.12842e-05 , 0.199975 , 0.199975 , 0.199975 , 0.199975 , 0.199975 , 
0.00205644 , 0.00205644 , 0.00205644 , 0.00205644 , 0.00514111 , 0.00514111 , 0.00514111 , 0.0205644 , 0.955786 , 
0.000198306 , 0.000793222 , 0.00158644 , 0.00237967 , 0.00237967 , 0.00237967 , 0.00237967 , 0.208643 , 0.77926 , 
0 , 0 , 0 , 0 , 0 , 0 , 0 , 0 , 0 , 
0.00101551 , 0.00282836 , 0.00533623 , 0.00770961 , 0.0206368 , 0.043287 , 0.0765683 , 0.202626 , 0.639992 , 
0.0212766 , 0.0212766 , 0.0212766 , 0.0851064 , 0.0851064 , 0.0851064 , 0.170213 , 0.255319 , 0.255319 , 
0.000607901 , 0.000607901 , 0.000607901 , 0.000607901 , 0.012158 , 0.018237 , 0.018237 , 0.278929 , 0.670007 , 
5.51845e-07 , 2.20738e-06 , 4.41476e-06 , 6.62215e-06 , 0.000593298 , 0.00477098 , 0.0193587 , 0.140638 , 0.834625 , 
4.38975e-07 , 4.38975e-07 , 1.7559e-06 , 1.7559e-06 , 8.03901e-05 , 0.000144435 , 0.000503987 , 0.00940155 , 0.989865 , 
0.000107897 , 0.000431588 , 0.000431588 , 0.000863176 , 0.00129476 , 0.0263092 , 0.052795 , 0.162388 , 0.755379 , 
8.52979e-05 , 8.52979e-05 , 0.000692781 , 0.000692781 , 0.0179131 , 0.0179131 , 0.0179131 , 0.472352 , 0.472352 , 
0.000377759 , 0.00151104 , 0.00302207 , 0.00453311 , 0.00453311 , 0.0588625 , 0.0988846 , 0.214153 , 0.614123 , 
0.000237583 , 0.00095033 , 0.00095033 , 0.00190066 , 0.00285099 , 0.00285099 , 0.0644858 , 0.134445 , 0.791328 , 
0.00133863 , 0.00267726 , 0.00401589 , 0.00401589 , 0.0900376 , 0.101699 , 0.143317 , 0.18357 , 0.469329 , 
0.000180194 , 0.000360388 , 0.000540583 , 0.000540583 , 0.000540583 , 0.000540583 , 0.0462768 , 0.140891 , 0.810129 , 
0 , 0 , 0 , 0 , 0 , 0 , 0 , 0 , 0 , 
0.000886044 , 0.000886044 , 0.00221511 , 0.00886044 , 0.0265813 , 0.0265813 , 0.1515 , 0.158014 , 0.624476 , 
3.18532e-05 , 0.000637064 , 0.000955596 , 0.000955596 , 0.017149 , 0.0319658 , 0.0682489 , 0.182691 , 0.697365 , 
0.000104763 , 0.000419054 , 0.000838107 , 0.00125716 , 0.0161926 , 0.0283456 , 0.0633816 , 0.171491 , 0.71797 , 
0.00161489 , 0.00161489 , 0.0131849 , 0.0157753 , 0.0204394 , 0.0253291 , 0.0668388 , 0.0887684 , 0.766434 , 
0.000121983 , 0.000194969 , 0.000566521 , 0.000701925 , 0.002212 , 0.00392565 , 0.00449184 , 0.0324232 , 0.955362 , 
0.000172731 , 0.000259097 , 0.00327403 , 0.006238 , 0.0140608 , 0.0273536 , 0.0683968 , 0.151209 , 0.729036 , 
0 , 0 , 0 , 0 , 0 , 0 , 0 , 0 , 0 , 
1.23404e-85 , 6.12582e-74 , 4.63356e-64 , 1.63285e-55 , 2.00213e-46 , 4.04021e-37 , 4.41329e-28 , 1.78833e-16 , 1 , 
0 , 0 , 0 , 0 , 0 , 0 , 0 , 0 , 0 , 
0.111111 , 0.111111 , 0.111111 , 0.111111 , 0.111111 , 0.111111 , 0.111111 , 0.111111 , 0.111111 , 
9.24646e-05 , 0.000231161 , 0.000231161 , 0.000924646 , 0.000924646 , 0.00184929 , 0.0583052 , 0.145882 , 0.79156 , 
0.00268384 , 0.00402576 , 0.00402576 , 0.00402576 , 0.0385997 , 0.0656205 , 0.108879 , 0.200627 , 0.571513 , 
0.000131697 , 0.000131697 , 0.000526787 , 0.000526787 , 0.0200171 , 0.0377622 , 0.0716935 , 0.18145 , 0.68776 , 
0.00135399 , 0.00135399 , 0.00541595 , 0.00541595 , 0.0108319 , 0.0162479 , 0.0162479 , 0.234973 , 0.708159 , 
0.000703374 , 0.000703374 , 0.00211012 , 0.0198826 , 0.0286817 , 0.0518017 , 0.0927249 , 0.209014 , 0.594378 , 
0.111111 , 0.111111 , 0.111111 , 0.111111 , 0.111111 , 0.111111 , 0.111111 , 0.111111 , 0.111111 , 
4.13605e-06 , 1.24082e-05 , 0.000109824 , 0.000285625 , 0.000915651 , 0.00247215 , 0.00990022 , 0.0616378 , 0.924662 , 
0 , 0 , 0 , 0 , 0 , 0 , 0 , 0 , 0 , 
4.63626e-129 , 3.57334e-116 , 1.27324e-103 , 1.03532e-90 , 6.87743e-77 , 1.23848e-63 , 1.79803e-47 , 1.31125e-28 , 1 , 
3.337e-09 , 3.337e-09 , 3.337e-09 , 6.42569e-05 , 6.42569e-05 , 6.42569e-05 , 0.333269 , 0.333269 , 0.333269 , 
0.000652469 , 0.00260987 , 0.00260987 , 0.00521975 , 0.00782962 , 0.00782962 , 0.00782962 , 0.251823 , 0.713596 , 
0 , 0 , 0 , 0 , 0 , 0 , 0 , 0 , 0 , 
0.00148383 , 0.00222575 , 0.00222575 , 0.0276782 , 0.0438222 , 0.0652712 , 0.10833 , 0.21553 , 0.533433 , 
0.05 , 0.05 , 0.1 , 0.1 , 0.1 , 0.15 , 0.15 , 0.15 , 0.15 , 
4.86413e-06 , 1.45924e-05 , 0.00119198 , 0.00555974 , 0.016778 , 0.0294858 , 0.0762923 , 0.224077 , 0.646596 , 
5.67162e-05 , 5.67162e-05 , 5.67162e-05 , 0.00113432 , 0.00170149 , 0.0195633 , 0.0482259 , 0.146174 , 0.783031 , 
7.38264e-07 , 7.38264e-07 , 2.21479e-05 , 0.00094235 , 0.00240814 , 0.0121454 , 0.0216471 , 0.158093 , 0.80474 , 
0.00444292 , 0.00599858 , 0.0102256 , 0.0295732 , 0.035195 , 0.0559311 , 0.0851068 , 0.206989 , 0.566538 , 
0.000341408 , 0.000341408 , 0.00136563 , 0.00136563 , 0.00273127 , 0.0040969 , 0.0729526 , 0.202141 , 0.714664 , 
9.68767e-05 , 9.68767e-05 , 9.68767e-05 , 9.68767e-05 , 0.199922 , 0.199922 , 0.199922 , 0.199922 , 0.199922 , 
3.22078e-06 , 3.22078e-06 , 0.000232821 , 0.000232821 , 0.04267 , 0.04267 , 0.04267 , 0.435759 , 0.435759 , 
0.00803946 , 0.0166083 , 0.0166085 , 0.0298297 , 0.127457 , 0.127996 , 0.194892 , 0.206057 , 0.272513 , 
0.047619 , 0.047619 , 0.0952381 , 0.0952381 , 0.142857 , 0.142857 , 0.142857 , 0.142857 , 0.142857 , 
0.000832343 , 0.000832343 , 0.00332937 , 0.00332937 , 0.00665874 , 0.00998811 , 0.17292 , 0.280361 , 0.521749 , 
0 , 0 , 0 , 0 , 0 , 0 , 0 , 0 , 0 , 
0.0833333 , 0.0833333 , 0.0833333 , 0.0833333 , 0.0833333 , 0.0833333 , 0.0833333 , 0.0833333 , 0.333333 , 
0 , 0 , 0 , 0 , 0 , 0 , 0 , 0 , 0 , 
0.000952748 , 0.000952748 , 0.00381099 , 0.00762198 , 0.00762198 , 0.011433 , 0.011433 , 0.011433 , 0.944741 , 
0.00169364 , 0.00169364 , 0.00677456 , 0.00677456 , 0.0135491 , 0.0203237 , 0.0203237 , 0.0203237 , 0.908543 , 
0 , 0 , 0 , 0 , 0 , 0 , 0 , 0 , 0 , 
0.000130912 , 0.000261825 , 0.000392737 , 0.0071653 , 0.0132496 , 0.0227368 , 0.0403427 , 0.115618 , 0.800102 , 
0.0205061 , 0.0205061 , 0.0205061 , 0.0205061 , 0.183595 , 0.183595 , 0.183595 , 0.183595 , 0.183595 , 
0.111111 , 0.111111 , 0.111111 , 0.111111 , 0.111111 , 0.111111 , 0.111111 , 0.111111 , 0.111111 , 
0.00410604 , 0.00410604 , 0.0331082 , 0.0331082 , 0.0390888 , 0.0390888 , 0.0390888 , 0.404153 , 0.404153 , 
7.52177e-05 , 0.00157678 , 0.00346213 , 0.00617057 , 0.0155974 , 0.0335491 , 0.067537 , 0.211922 , 0.660109 , 
0.00114516 , 0.0099877 , 0.0217385 , 0.0276492 , 0.0341601 , 0.0586343 , 0.09776 , 0.184743 , 0.564182 , 
0.00132626 , 0.00530502 , 0.00530502 , 0.01061 , 0.0159151 , 0.0159151 , 0.0159151 , 0.238053 , 0.691655 , 
0.0046243 , 0.0046243 , 0.00693646 , 0.00693646 , 0.00693646 , 0.0789165 , 0.117131 , 0.21953 , 0.554364 , 
6.23802e-05 , 0.000623802 , 0.0012476 , 0.00187141 , 0.0251868 , 0.050697 , 0.0883275 , 0.215403 , 0.616581 , 
3.72882e-05 , 3.72882e-05 , 3.72882e-05 , 0.13166 , 0.13166 , 0.13166 , 0.201636 , 0.201636 , 0.201636 , 
0.0444444 , 0.0444444 , 0.0444444 , 0.0444444 , 0.0444444 , 0.111111 , 0.111111 , 0.111111 , 0.444444 , 
3.62676e-05 , 5.44014e-05 , 5.44014e-05 , 0.00235462 , 0.00523161 , 0.0130805 , 0.038031 , 0.131607 , 0.80955 , 
4.76202e-05 , 0.000190481 , 0.000190481 , 0.000571443 , 0.0278494 , 0.0587249 , 0.110403 , 0.200412 , 0.60161 , 
5.7247e-05 , 0.000143117 , 0.000143117 , 0.00057247 , 0.00114494 , 0.00171741 , 0.0521859 , 0.156789 , 0.787247 , 
0.08 , 0.08 , 0.12 , 0.12 , 0.12 , 0.12 , 0.12 , 0.12 , 0.12 , 
6.17368e-05 , 0.000154342 , 0.00123474 , 0.00185211 , 0.00185211 , 0.0447091 , 0.0812947 , 0.193173 , 0.675668 , 
0 , 0 , 0 , 0 , 0 , 0 , 0 , 0 , 0 , 
0.000316853 , 0.000316853 , 0.000316853 , 0.000316853 , 0.000316853 , 0.0169607 , 0.0501834 , 0.157517 , 0.773755 , 
1.2599e-06 , 1.24766e-05 , 3.20212e-05 , 0.000104515 , 0.000315626 , 0.0010114 , 0.0054863 , 0.0380893 , 0.954947 , 
0.000894382 , 0.000894382 , 0.00178876 , 0.00268315 , 0.00268315 , 0.0521555 , 0.0829894 , 0.233165 , 0.622746 , 
0.00161226 , 0.00403064 , 0.00403064 , 0.0161226 , 0.0161226 , 0.0161226 , 0.0161226 , 0.0322451 , 0.893591 , 
0.00233168 , 0.00508403 , 0.0103829 , 0.0190454 , 0.0292653 , 0.0470813 , 0.0902808 , 0.205909 , 0.590619 , 
0.00014389 , 0.000575558 , 0.00172667 , 0.00172667 , 0.0196928 , 0.0343459 , 0.0800762 , 0.175921 , 0.685791 , 
0 , 0 , 0 , 0 , 0 , 0 , 0 , 0 , 0 , 
0.012987 , 0.0519481 , 0.0519481 , 0.103896 , 0.155844 , 0.155844 , 0.155844 , 0.155844 , 0.155844 , 
0.0128205 , 0.0128205 , 0.0128205 , 0.0320513 , 0.0320513 , 0.128205 , 0.128205 , 0.25641 , 0.384615 , 
0.111111 , 0.111111 , 0.111111 , 0.111111 , 0.111111 , 0.111111 , 0.111111 , 0.111111 , 0.111111 , 
0.0127403 , 0.0127403 , 0.0127403 , 0.0127403 , 0.0191104 , 0.0191104 , 0.0191104 , 0.291664 , 0.600044 , 
0.00063872 , 0.00255488 , 0.00510976 , 0.00510976 , 0.00766463 , 0.0627514 , 0.0985506 , 0.184039 , 0.633581 , 
0.000269602 , 0.000808806 , 0.000808806 , 0.00973405 , 0.0171394 , 0.0305215 , 0.0722736 , 0.181649 , 0.686796 , 
0.00230952 , 0.00529588 , 0.0087354 , 0.0160802 , 0.029179 , 0.0433051 , 0.0907146 , 0.187252 , 0.617129 , 
0.00044506 , 0.00044506 , 0.00044506 , 0.00044506 , 0.00044506 , 0.00044506 , 0.00044506 , 0.0279215 , 0.968963 , 
0.000137335 , 0.000549338 , 0.00109868 , 0.00164801 , 0.0230017 , 0.0380856 , 0.0823914 , 0.203408 , 0.64968 , 
8.34496e-06 , 0.00117004 , 0.00430166 , 0.0117286 , 0.0371748 , 0.0641775 , 0.118399 , 0.240144 , 0.522896 , 
0.000185204 , 0.00046301 , 0.00185204 , 0.00370408 , 0.00555612 , 0.00555612 , 0.103824 , 0.207945 , 0.670914 , 
0 , 0 , 0 , 0 , 0 , 0 , 0 , 0 , 0 , 
0 , 0 , 0 , 0 , 0 , 0 , 0 , 0 , 0 , 
1.28915e-66 , 2.10433e-60 , 3.21498e-54 , 5.6401e-48 , 1.1026e-41 , 1.8904e-34 , 6.82373e-26 , 1.95071e-15 , 1 , 
0.0172414 , 0.0172414 , 0.0689655 , 0.0689655 , 0.0689655 , 0.137931 , 0.206897 , 0.206897 , 0.206897 , 
2.2638e-05 , 2.2638e-05 , 2.2638e-05 , 0.00230893 , 0.00230893 , 0.00230893 , 0.331002 , 0.331002 , 0.331002 , 
1.95191e-06 , 4.87978e-06 , 1.95191e-05 , 1.95191e-05 , 5.85573e-05 , 0.00189775 , 0.011362 , 0.077865 , 0.908771 , 
0.0033714 , 0.00674279 , 0.0101142 , 0.0101142 , 0.0101142 , 0.0101142 , 0.0101142 , 0.0101142 , 0.929201 , 
0.000892922 , 0.00357169 , 0.00357169 , 0.00714337 , 0.0107151 , 0.0107151 , 0.139901 , 0.237039 , 0.58645 , 
0.00744764 , 0.00888514 , 0.0108102 , 0.0123529 , 0.0137934 , 0.0185908 , 0.0476573 , 0.254288 , 0.626175 , 
5.76797e-05 , 0.000144199 , 0.000144199 , 0.000576797 , 0.00115359 , 0.00115359 , 0.0481591 , 0.167506 , 0.781105 , 
0.000138425 , 0.00074393 , 0.00216319 , 0.00423608 , 0.00992711 , 0.0232662 , 0.0560478 , 0.138798 , 0.76468 , 
0.111111 , 0.111111 , 0.111111 , 0.111111 , 0.111111 , 0.111111 , 0.111111 , 0.111111 , 0.111111 , 
1.3129e-05 , 0.00013129 , 0.000393871 , 0.00450087 , 0.0101693 , 0.0215446 , 0.0533267 , 0.157608 , 0.752312 , 
0.0444444 , 0.0444444 , 0.0444444 , 0.0444444 , 0.0444444 , 0.111111 , 0.111111 , 0.111111 , 0.444444 , 
0.00227989 , 0.00455978 , 0.00455978 , 0.00683967 , 0.00683967 , 0.00683967 , 0.120119 , 0.240939 , 0.607023 , 
4.93432e-05 , 9.86864e-05 , 0.00014803 , 0.00250241 , 0.00398374 , 0.00638991 , 0.0316372 , 0.110053 , 0.845137 , 
3.06519e-06 , 1.22607e-05 , 1.22607e-05 , 2.45215e-05 , 3.67822e-05 , 0.00080833 , 0.00633205 , 0.0463429 , 0.946428 , 
0.111111 , 0.111111 , 0.111111 , 0.111111 , 0.111111 , 0.111111 , 0.111111 , 0.111111 , 0.111111 , 
0 , 0 , 0 , 0 , 0 , 0 , 0 , 0 , 0 , 
0 , 0 , 0 , 0 , 0 , 0 , 0 , 0 , 0 , 
0.000305346 , 0.00122138 , 0.00244277 , 0.00366415 , 0.00366415 , 0.0546021 , 0.100369 , 0.217568 , 0.616164 , 
0.012987 , 0.0519481 , 0.0519481 , 0.103896 , 0.155844 , 0.155844 , 0.155844 , 0.155844 , 0.155844 , 
0 , 0 , 0 , 0 , 0 , 0 , 0 , 0 , 0 , 
0.0227273 , 0.0227273 , 0.0227273 , 0.0227273 , 0.0909091 , 0.0909091 , 0.181818 , 0.272727 , 0.272727 , 
0.000170116 , 0.000255174 , 0.00256585 , 0.0048703 , 0.00919562 , 0.0203776 , 0.0498958 , 0.154092 , 0.758578 , 
2.70621e-06 , 1.08248e-05 , 2.16497e-05 , 0.00597048 , 0.0123542 , 0.029222 , 0.0840966 , 0.201261 , 0.667061 , 
0.000895227 , 0.00268568 , 0.00268568 , 0.00268568 , 0.0246908 , 0.0341666 , 0.0611275 , 0.110624 , 0.760439 , 
0.00696579 , 0.0134027 , 0.0189181 , 0.0293077 , 0.0394771 , 0.0591051 , 0.0841819 , 0.216851 , 0.53179 , 
0.0240964 , 0.0240964 , 0.0240964 , 0.0240964 , 0.060241 , 0.060241 , 0.060241 , 0.240964 , 0.481928 , 
0 , 0 , 0 , 0 , 0 , 0 , 0 , 0 , 0 , 
0.000357982 , 0.000357982 , 0.000536973 , 0.000536973 , 0.0145199 , 0.0159632 , 0.0189318 , 0.0911657 , 0.857629 , 
8.22991e-05 , 0.000205748 , 0.00164598 , 0.00246897 , 0.0230942 , 0.0401932 , 0.0876843 , 0.20135 , 0.643276 , 
0.0434783 , 0.0869565 , 0.0869565 , 0.130435 , 0.130435 , 0.130435 , 0.130435 , 0.130435 , 0.130435 , 
0.0434783 , 0.0869565 , 0.0869565 , 0.130435 , 0.130435 , 0.130435 , 0.130435 , 0.130435 , 0.130435 , 
0.000325079 , 0.000812698 , 0.000812698 , 0.00325079 , 0.00650158 , 0.00975237 , 0.162001 , 0.270471 , 0.546072 , 
0.0162522 , 0.0375082 , 0.0487429 , 0.0518575 , 0.0694693 , 0.057084 , 0.071394 , 0.236285 , 0.411407 , 
0.00326194 , 0.00664741 , 0.0155772 , 0.0249726 , 0.0374494 , 0.056891 , 0.10054 , 0.20684 , 0.54782 , 
2.71528e-05 , 9.72183e-05 , 0.000231015 , 0.000608199 , 0.00190121 , 0.00467345 , 0.0220534 , 0.0887516 , 0.881657 , 
0.000305975 , 0.000305975 , 0.000764937 , 0.000764937 , 0.000764937 , 0.00305975 , 0.00305975 , 0.160091 , 0.830883 , 
0.000552173 , 0.000828259 , 0.0193491 , 0.0309282 , 0.0493234 , 0.0645266 , 0.0889927 , 0.215558 , 0.529942 , 
0.00270057 , 0.00270057 , 0.0315408 , 0.0400995 , 0.0464688 , 0.0696803 , 0.115353 , 0.180557 , 0.510899 , 
1.39547e-05 , 5.58187e-05 , 0.000111637 , 0.000167456 , 0.00301391 , 0.00525971 , 0.0104312 , 0.0655281 , 0.915418 , 
0.000127487 , 0.000254973 , 0.00038246 , 0.00533499 , 0.0104835 , 0.0224161 , 0.0498043 , 0.144781 , 0.766415 , 
0.0227273 , 0.0227273 , 0.0227273 , 0.0227273 , 0.0909091 , 0.0909091 , 0.181818 , 0.272727 , 0.272727 , 
0.000819103 , 0.000819103 , 0.000819103 , 0.000819103 , 0.0163821 , 0.0245731 , 0.0245731 , 0.305194 , 0.626002 , 
0.000469098 , 0.00187639 , 0.00187639 , 0.00375278 , 0.00562917 , 0.00562917 , 0.00562917 , 0.00562917 , 0.969509 , 
0.00239632 , 0.00359448 , 0.00359448 , 0.00359448 , 0.0371406 , 0.0497381 , 0.0673024 , 0.154269 , 0.67837 , 
0 , 0 , 0 , 0 , 0 , 0 , 0 , 0 , 0 , 
1.77236e-05 , 4.4309e-05 , 0.000177236 , 0.000177236 , 0.000354472 , 0.000531708 , 0.0358174 , 0.132984 , 0.829895 , 
0 , 0 , 0 , 0 , 0 , 0 , 0 , 0 , 0 , 
8.44313e-10 , 8.44313e-10 , 8.44313e-10 , 8.44313e-10 , 0.2 , 0.2 , 0.2 , 0.2 , 0.2 , 
0.00379248 , 0.00379248 , 0.00758496 , 0.0113774 , 0.0113774 , 0.104365 , 0.159987 , 0.189619 , 0.508104 , 
0.000946274 , 0.00141941 , 0.00141941 , 0.00141941 , 0.0210581 , 0.0401175 , 0.0776226 , 0.188799 , 0.667198 , 
2.39193e-05 , 5.97983e-05 , 5.97983e-05 , 0.00071758 , 0.00071758 , 0.0188965 , 0.0517499 , 0.166467 , 0.761308 , 
0.000360879 , 0.00108264 , 0.0172462 , 0.0286232 , 0.0588665 , 0.0818774 , 0.112102 , 0.223596 , 0.476246 , 
8.05411e-78 , 4.15214e-70 , 1.64777e-62 , 8.7711e-55 , 2.69652e-47 , 6.18449e-39 , 4.6781e-29 , 1.95823e-16 , 1 , 
2.11484e-06 , 2.30801e-05 , 3.24068e-05 , 5.96811e-05 , 8.71046e-05 , 0.000100621 , 0.00177191 , 0.0420263 , 0.955897 , 
0.000524231 , 0.00131058 , 0.00131058 , 0.00524231 , 0.00524231 , 0.0104846 , 0.0104846 , 0.0157269 , 0.949674 , 
0 , 0 , 0 , 0 , 0 , 0 , 0 , 0 , 0 , 
0 , 0 , 0 , 0 , 0 , 0 , 0 , 0 , 0 , 
0 , 0 , 0 , 0 , 0 , 0 , 0 , 0 , 0 , 
0 , 0 , 0 , 0 , 0 , 0 , 0 , 0 , 0 , 
0.00070605 , 0.00070605 , 0.00070605 , 0.00176513 , 0.00176513 , 0.00176513 , 0.0070605 , 0.014121 , 0.971405 , 
0.000228813 , 0.000457626 , 0.000686438 , 0.000686438 , 0.000686438 , 0.000686438 , 0.000686438 , 0.150903 , 0.844978 , 
0.0114943 , 0.0114943 , 0.0287356 , 0.0287356 , 0.114943 , 0.114943 , 0.114943 , 0.229885 , 0.344828 , 
0.000246229 , 0.000246229 , 0.000615573 , 0.000615573 , 0.00246229 , 0.00246229 , 0.00492458 , 0.186291 , 0.802137 , 
0.00245256 , 0.00528405 , 0.00779075 , 0.00944905 , 0.0157739 , 0.0175224 , 0.074056 , 0.0929988 , 0.774672 , 
0.00214547 , 0.00786436 , 0.0095176 , 0.0135084 , 0.0372145 , 0.045447 , 0.0725458 , 0.155113 , 0.656644 , 
0.000268858 , 0.000268858 , 0.000268858 , 0.000268858 , 0.199785 , 0.199785 , 0.199785 , 0.199785 , 0.199785 , 
0.0018951 , 0.00758041 , 0.0151608 , 0.0151608 , 0.0227412 , 0.0227412 , 0.0227412 , 0.0227412 , 0.869238 , 
5.82042e-05 , 5.82042e-05 , 5.82042e-05 , 0.00801878 , 0.00801878 , 0.00801878 , 0.325256 , 0.325256 , 0.325256 , 
0.00057506 , 0.00193098 , 0.00497515 , 0.00972726 , 0.0216397 , 0.0448142 , 0.0843826 , 0.174102 , 0.657853 , 
0.000329615 , 0.000329615 , 0.000824037 , 0.000824037 , 0.00329615 , 0.0065923 , 0.00988845 , 0.222224 , 0.755692 , 
0.0416667 , 0.0833333 , 0.125 , 0.125 , 0.125 , 0.125 , 0.125 , 0.125 , 0.125 , 
8.27486e-05 , 8.27486e-05 , 0.000661988 , 0.000992983 , 0.0213942 , 0.0409884 , 0.0868156 , 0.207099 , 0.641882 , 
0.04 , 0.04 , 0.04 , 0.04 , 0.04 , 0.16 , 0.16 , 0.16 , 0.32 , 
0.000122254 , 0.000305634 , 0.00122254 , 0.00122254 , 0.00244507 , 0.00244507 , 0.00366761 , 0.12134 , 0.867229 , 
0.00190744 , 0.00190744 , 0.00476861 , 0.00476861 , 0.0190744 , 0.0190744 , 0.0190744 , 0.0381488 , 0.891276 , 
0 , 0 , 0 , 0 , 0 , 0 , 0 , 0 , 0 , 
0.0444444 , 0.0444444 , 0.0444444 , 0.0444444 , 0.0444444 , 0.111111 , 0.111111 , 0.111111 , 0.444444 , 
0.000777811 , 0.000777811 , 0.000777811 , 0.00194453 , 0.00194453 , 0.00777811 , 0.00777811 , 0.0155562 , 0.962665 , 
0.00129961 , 0.00519843 , 0.00519843 , 0.0103969 , 0.0155953 , 0.0155953 , 0.16544 , 0.266408 , 0.514869 , 
0.000225425 , 0.000901699 , 0.0018034 , 0.0027051 , 0.0027051 , 0.0401488 , 0.0781639 , 0.19237 , 0.680977 , 
0 , 0 , 0 , 0 , 0 , 0 , 0 , 0 , 0 , 
0.00555643 , 0.0072303 , 0.00827158 , 0.0130651 , 0.0201557 , 0.0385228 , 0.104611 , 0.259503 , 0.543085 , 
4.38087e-07 , 5.18843e-05 , 0.000433101 , 0.000532029 , 0.000579274 , 0.00396707 , 0.00627177 , 0.300828 , 0.687336 , 
2.98536e-06 , 5.97073e-06 , 5.97073e-06 , 8.95609e-06 , 8.95609e-06 , 0.000252628 , 0.000282247 , 0.00109249 , 0.99834 , 
0.00110493 , 0.00110493 , 0.00220987 , 0.0033148 , 0.0033148 , 0.0033148 , 0.0033148 , 0.23196 , 0.750361 , 
0.0357143 , 0.0357143 , 0.0357143 , 0.0357143 , 0.142857 , 0.142857 , 0.142857 , 0.142857 , 0.285714 , 
0.00890587 , 0.0150916 , 0.0205903 , 0.0284477 , 0.0418418 , 0.0822658 , 0.118196 , 0.238468 , 0.446194 , 
0.0123457 , 0.0493827 , 0.0987654 , 0.0987654 , 0.148148 , 0.148148 , 0.148148 , 0.148148 , 0.148148 , 
0.00197165 , 0.00197165 , 0.00492913 , 0.00492913 , 0.00492913 , 0.00492913 , 0.0197165 , 0.0197165 , 0.936907 , 
0.000257188 , 0.000257188 , 0.000257188 , 0.00064297 , 0.00064297 , 0.00064297 , 0.0629316 , 0.0993405 , 0.835027 , 
0 , 0 , 0 , 0 , 0 , 0 , 0 , 0 , 0 , 
0.00023699 , 0.000947959 , 0.000947959 , 0.00189592 , 0.00189592 , 0.00284388 , 0.0504557 , 0.0857778 , 0.854998 , 
8.04894e-05 , 0.000241468 , 0.00249749 , 0.00555997 , 0.0118795 , 0.0231818 , 0.0565385 , 0.187637 , 0.712384 , 
0 , 0 , 0 , 0 , 0 , 0 , 0 , 0 , 0 , 
0.0112556 , 0.0153001 , 0.0233448 , 0.0337861 , 0.0450322 , 0.0652346 , 0.0788813 , 0.265519 , 0.461647 , 
0 , 0 , 0 , 0 , 0 , 0 , 0 , 0 , 0 , 
0.00407034 , 0.00407034 , 0.00814068 , 0.00814068 , 0.012211 , 0.012211 , 0.012211 , 0.262767 , 0.676178 , 
0.00147032 , 0.00367581 , 0.00367581 , 0.00367581 , 0.0147032 , 0.0147032 , 0.0294065 , 0.0294065 , 0.899283 , 
0.0172414 , 0.0172414 , 0.0689655 , 0.0689655 , 0.0689655 , 0.137931 , 0.206897 , 0.206897 , 0.206897 , 
0.00245021 , 0.00980084 , 0.00980084 , 0.00980084 , 0.0196017 , 0.0196017 , 0.0294025 , 0.286043 , 0.613499 , 
0.00029552 , 0.00224394 , 0.00534693 , 0.00986584 , 0.0181928 , 0.0372294 , 0.0826861 , 0.169578 , 0.674561 , 
0.111111 , 0.111111 , 0.111111 , 0.111111 , 0.111111 , 0.111111 , 0.111111 , 0.111111 , 0.111111 , 
0.000588012 , 0.000588012 , 0.00147003 , 0.00588012 , 0.0117602 , 0.0176404 , 0.0176404 , 0.2994 , 0.645033 , 
0.000357818 , 0.000357818 , 0.000357818 , 0.000357818 , 0.199714 , 0.199714 , 0.199714 , 0.199714 , 0.199714 , 
1.79369e-07 , 3.58737e-07 , 2.94508e-05 , 0.000871414 , 0.00240078 , 0.0074991 , 0.0128414 , 0.088568 , 0.887789 , 
0.0151515 , 0.0151515 , 0.0606061 , 0.0606061 , 0.121212 , 0.181818 , 0.181818 , 0.181818 , 0.181818 , 
0.0952381 , 0.0952381 , 0.0952381 , 0.0952381 , 0.0952381 , 0.0952381 , 0.0952381 , 0.0952381 , 0.238095 , 
3.22654e-05 , 0.000258123 , 0.000387184 , 0.00362779 , 0.00719821 , 0.0149396 , 0.0377011 , 0.116555 , 0.819301 , 
0.0003514 , 0.0014056 , 0.0028112 , 0.0042168 , 0.0042168 , 0.0943158 , 0.140865 , 0.241071 , 0.510747 , 
0.000143545 , 0.000574178 , 0.00114836 , 0.00172254 , 0.00172254 , 0.0355063 , 0.0579253 , 0.156436 , 0.744821 , 
0.000120362 , 0.000120362 , 0.000120362 , 0.000120362 , 0.199904 , 0.199904 , 0.199904 , 0.199904 , 0.199904 , 
0.0003951 , 0.000592651 , 0.0069709 , 0.0120916 , 0.0204739 , 0.0367492 , 0.0792001 , 0.18475 , 0.658777 , 
0 , 0 , 0 , 0 , 0 , 0 , 0 , 0 , 0 , 
0.000697291 , 0.00139458 , 0.00209187 , 0.0144166 , 0.00209187 , 0.0432802 , 0.084062 , 0.18477 , 0.667196 , 
6.84107e-06 , 5.47286e-05 , 8.20929e-05 , 0.00209335 , 0.0062496 , 0.0177704 , 0.0564038 , 0.150353 , 0.766987 , 
0 , 0 , 0 , 0 , 0 , 0 , 0 , 0 , 0 , 
8.31104e-06 , 2.10905e-05 , 2.51991e-05 , 5.32805e-05 , 8.99387e-05 , 0.000126956 , 0.00323351 , 0.0201638 , 0.976278 , 
0 , 0 , 0 , 0 , 0 , 0 , 0 , 0 , 0 , 
0.000397061 , 0.000794122 , 0.00119118 , 0.0138173 , 0.0218721 , 0.0422829 , 0.0881598 , 0.181509 , 0.649977 , 
3.49894e-11 , 3.49894e-11 , 5.11558e-05 , 5.11558e-05 , 0.0745357 , 0.0745357 , 0.0745357 , 0.388145 , 0.388145 , 
0.00151089 , 0.0151089 , 0.0151089 , 0.0302179 , 0.0302179 , 0.0453268 , 0.0453268 , 0.0453268 , 0.771855 , 
4.81859e-05 , 0.000120465 , 0.000963719 , 0.00144558 , 0.0135108 , 0.0259534 , 0.0805241 , 0.229968 , 0.647466 , 
0.0061884 , 0.00879521 , 0.0109281 , 0.0229785 , 0.0338952 , 0.0746171 , 0.0941674 , 0.173422 , 0.575008 , 
8.58494e-06 , 8.58494e-06 , 2.14624e-05 , 8.58494e-05 , 8.58494e-05 , 0.00417588 , 0.0173093 , 0.139337 , 0.838968 , 
0 , 0 , 0 , 0 , 0 , 0 , 0 , 0 , 0 , 
0.000202492 , 0.000404984 , 0.000607477 , 0.0186827 , 0.0341799 , 0.0546609 , 0.0928467 , 0.223879 , 0.574536 , 
4.04598e-06 , 4.04598e-06 , 9.7438e-05 , 9.7438e-05 , 0.00830747 , 0.00830747 , 0.00830747 , 0.487437 , 0.487437 , 
0.00561079 , 0.00561079 , 0.0168324 , 0.0168324 , 0.0836396 , 0.100566 , 0.122818 , 0.210543 , 0.437548 , 
9.7482e-05 , 9.7482e-05 , 0.000243705 , 0.00097482 , 0.00292446 , 0.00292446 , 0.068044 , 0.172944 , 0.751749 , 
0.000499958 , 0.00149987 , 0.00149987 , 0.00149987 , 0.00149987 , 0.0368754 , 0.0797073 , 0.180273 , 0.696645 , 
0.111111 , 0.111111 , 0.111111 , 0.111111 , 0.111111 , 0.111111 , 0.111111 , 0.111111 , 0.111111 , 
0 , 0 , 0 , 0 , 0 , 0 , 0 , 0 , 0 , 
0.000226347 , 0.00067904 , 0.00067904 , 0.0120964 , 0.0202114 , 0.0392014 , 0.074105 , 0.184323 , 0.668478 , 
0.000813268 , 0.000813268 , 0.00325307 , 0.00650615 , 0.00975922 , 0.00975922 , 0.00975922 , 0.253766 , 0.705571 , 
3.65391e-141 , 8.9955e-129 , 4.47219e-116 , 7.41014e-103 , 2.10413e-89 , 4.57597e-74 , 5.50715e-56 , 9.53673e-34 , 1 , 
0.00101102 , 0.00202204 , 0.00303305 , 0.00303305 , 0.00303305 , 0.00303305 , 0.00303305 , 0.247328 , 0.734473 , 
0.00183155 , 0.00549464 , 0.00549464 , 0.0392129 , 0.0599834 , 0.0807981 , 0.116946 , 0.189241 , 0.500997 , 
6.18393e-05 , 6.18393e-05 , 0.000154598 , 0.000154598 , 0.000618393 , 0.00185518 , 0.0490598 , 0.153636 , 0.794397 , 
0 , 0 , 0 , 0 , 0 , 0 , 0 , 0 , 0 , 
0.000706017 , 0.000706017 , 0.000706017 , 0.000706017 , 0.199435 , 0.199435 , 0.199435 , 0.199435 , 0.199435 , 
2.62372e-06 , 2.30412e-05 , 0.000123905 , 0.000571741 , 0.00131185 , 0.00667518 , 0.0271121 , 0.104427 , 0.859753 , 
0.00309954 , 0.00309954 , 0.00309954 , 0.0123982 , 0.0247963 , 0.0247963 , 0.0371945 , 0.0371945 , 0.854322 , 
0 , 0 , 0 , 0 , 0 , 0 , 0 , 0 , 0 , 
0.00140489 , 0.00210734 , 0.00210734 , 0.00210734 , 0.0399876 , 0.0685716 , 0.105692 , 0.2025 , 0.575522 , 
0.000368524 , 0.0014741 , 0.00294819 , 0.00442229 , 0.0322246 , 0.0518804 , 0.0970884 , 0.194866 , 0.614727 , 
0.000147628 , 0.00135176 , 0.00232267 , 0.00501425 , 0.0101947 , 0.0224936 , 0.0496695 , 0.157881 , 0.750925 , 
0.00192986 , 0.00192986 , 0.0244575 , 0.0321364 , 0.0459707 , 0.0606243 , 0.101259 , 0.219646 , 0.512046 , 
0.00168625 , 0.00168625 , 0.00421563 , 0.00421563 , 0.0168625 , 0.0168625 , 0.0337251 , 0.0337251 , 0.887021 , 
0.000200466 , 0.000400931 , 0.00239919 , 0.00395114 , 0.00736155 , 0.0158168 , 0.0384863 , 0.126839 , 0.804544 , 
0.000490969 , 0.00147291 , 0.00147291 , 0.00147291 , 0.00147291 , 0.00147291 , 0.0987493 , 0.221571 , 0.671825 , 
0.000289167 , 0.000722917 , 0.000722917 , 0.00289167 , 0.00289167 , 0.00578334 , 0.00867501 , 0.18812 , 0.789903 , 
0.000283359 , 0.000283359 , 0.000708397 , 0.000708397 , 0.00283359 , 0.00566717 , 0.00566717 , 0.00850076 , 0.975348 , 
0.111111 , 0.111111 , 0.111111 , 0.111111 , 0.111111 , 0.111111 , 0.111111 , 0.111111 , 0.111111 , 
0.00194033 , 0.00194033 , 0.00388067 , 0.005821 , 0.005821 , 0.005821 , 0.115947 , 0.238639 , 0.620189 , 
0.00202517 , 0.00324864 , 0.0051823 , 0.010946 , 0.0270458 , 0.0477161 , 0.0883899 , 0.193209 , 0.622237 , 
0.000890823 , 0.000890823 , 0.00356329 , 0.00356329 , 0.00712659 , 0.0106899 , 0.136902 , 0.249044 , 0.58733 , 
0.000177687 , 0.000177687 , 0.000444217 , 0.000444217 , 0.00177687 , 0.00177687 , 0.00533061 , 0.231195 , 0.758677 , 
0.0196078 , 0.0196078 , 0.0196078 , 0.0784314 , 0.0784314 , 0.156863 , 0.156863 , 0.235294 , 0.235294 , 
0.00115282 , 0.00115282 , 0.00115282 , 0.00115282 , 0.00288204 , 0.00288204 , 0.0115282 , 0.0115282 , 0.966568 , 
0.000395823 , 0.000791645 , 0.00118747 , 0.00118747 , 0.00118747 , 0.037631 , 0.0737947 , 0.176648 , 0.707176 , 
0.000571969 , 0.000571969 , 0.00925739 , 0.0161268 , 0.0282009 , 0.0552215 , 0.0908542 , 0.188962 , 0.610233 , 
1.21468e-07 , 2.42937e-07 , 6.74615e-06 , 1.25401e-05 , 5.52415e-05 , 9.02076e-05 , 0.00110893 , 0.0402748 , 0.958451 , 
0 , 0 , 0 , 0 , 0 , 0 , 0 , 0 , 0 , 
0 , 0 , 0 , 0 , 0 , 0 , 0 , 0 , 0 , 
6.55742e-05 , 0.000163936 , 0.000163936 , 0.000655742 , 0.000655742 , 0.00131148 , 0.0612521 , 0.184039 , 0.751692 , 
1.7704e-05 , 0.00251675 , 0.00538108 , 0.0102697 , 0.0184402 , 0.0335664 , 0.0791797 , 0.196419 , 0.65421 , 
0.00100234 , 0.00100234 , 0.00250585 , 0.00250585 , 0.00250585 , 0.0100234 , 0.0100234 , 0.0200468 , 0.950384 , 
0.00422537 , 0.00422537 , 0.00422537 , 0.00422537 , 0.19662 , 0.19662 , 0.19662 , 0.19662 , 0.19662 , 
0.00229091 , 0.0117862 , 0.0172731 , 0.0278794 , 0.0388708 , 0.0678516 , 0.107035 , 0.202715 , 0.524299 , 
6.00379e-09 , 2.40152e-08 , 2.40152e-08 , 7.20455e-08 , 7.59618e-05 , 0.00058514 , 0.00202305 , 0.0501929 , 0.947123 , 
0.000550332 , 0.000550332 , 0.00220133 , 0.00440265 , 0.00660398 , 0.00660398 , 0.00660398 , 0.232778 , 0.739706 , 
0.00286092 , 0.00429138 , 0.00429138 , 0.0305886 , 0.0489116 , 0.0782817 , 0.126399 , 0.215432 , 0.488944 , 
0.000149829 , 0.000599314 , 0.00119863 , 0.00179794 , 0.0226963 , 0.0380629 , 0.0863586 , 0.202342 , 0.646794 , 
0.0016009 , 0.00400226 , 0.00400226 , 0.00400226 , 0.016009 , 0.0320181 , 0.0480271 , 0.0480271 , 0.842311 , 
7.05296e-06 , 7.05296e-06 , 1.76324e-05 , 1.76324e-05 , 7.05296e-05 , 0.000141059 , 0.00573252 , 0.10313 , 0.890876 , 
0.000346809 , 0.00138723 , 0.00277447 , 0.0041617 , 0.0041617 , 0.0589805 , 0.102749 , 0.201868 , 0.623571 , 
0.111111 , 0.111111 , 0.111111 , 0.111111 , 0.111111 , 0.111111 , 0.111111 , 0.111111 , 0.111111 , 
0.08 , 0.08 , 0.12 , 0.12 , 0.12 , 0.12 , 0.12 , 0.12 , 0.12 , 
0.000721888 , 0.00108283 , 0.00812486 , 0.0130363 , 0.0227458 , 0.0399334 , 0.0789139 , 0.175135 , 0.660306 , 
7.70317e-06 , 1.54063e-05 , 1.54063e-05 , 0.000858025 , 0.00279944 , 0.0190678 , 0.0635435 , 0.153142 , 0.760551 , 
8.17849e-05 , 8.17849e-05 , 0.0016357 , 0.00245355 , 0.00245355 , 0.0361041 , 0.076477 , 0.193622 , 0.687091 , 
0.00202016 , 0.00808062 , 0.00808062 , 0.0161612 , 0.0161612 , 0.0161612 , 0.0242419 , 0.0242419 , 0.884851 , 
1.08271e-05 , 1.08271e-05 , 1.08271e-05 , 1.08271e-05 , 4.33083e-05 , 8.66165e-05 , 8.66165e-05 , 0.000129925 , 0.99961 , 
7.00724e-06 , 1.75181e-05 , 7.00724e-05 , 0.000140145 , 0.00505454 , 0.012198 , 0.0422397 , 0.145421 , 0.794852 , 
0.000757029 , 0.00113554 , 0.00113554 , 0.0111469 , 0.0219701 , 0.0468064 , 0.0674667 , 0.173508 , 0.676074 , 
9.83255e-05 , 9.83255e-05 , 9.83255e-05 , 9.83255e-05 , 0.199921 , 0.199921 , 0.199921 , 0.199921 , 0.199921 , 
0 , 0 , 0 , 0 , 0 , 0 , 0 , 0 , 0 , 
0.0666667 , 0.0666667 , 0.0666667 , 0.0666667 , 0.0666667 , 0.0666667 , 0.0666667 , 0.266667 , 0.266667 , 
0.000254453 , 0.000741503 , 0.00103779 , 0.00136205 , 0.00164206 , 0.0024235 , 0.00605747 , 0.173071 , 0.81341 , 
0.000201228 , 0.000301842 , 0.00454545 , 0.00871204 , 0.0162052 , 0.0319554 , 0.0629747 , 0.176011 , 0.699093 , 
0.00271454 , 0.00542908 , 0.00542908 , 0.00814362 , 0.00814362 , 0.0703957 , 0.113357 , 0.235589 , 0.550799 , 
0.000585533 , 0.00234213 , 0.00468426 , 0.00468426 , 0.00702639 , 0.00702639 , 0.114911 , 0.238422 , 0.620318 , 
0.00860956 , 0.00860956 , 0.00860956 , 0.00860956 , 0.193112 , 0.193112 , 0.193112 , 0.193112 , 0.193112 , 
0.0185185 , 0.0185185 , 0.0740741 , 0.0740741 , 0.0740741 , 0.148148 , 0.148148 , 0.222222 , 0.222222 , 
0.00157661 , 0.00315322 , 0.00472983 , 0.00472983 , 0.00472983 , 0.00472983 , 0.00472983 , 0.264153 , 0.707468 , 
0.000157084 , 0.000157084 , 0.000157084 , 0.000157084 , 0.199874 , 0.199874 , 0.199874 , 0.199874 , 0.199874 , 
0.000531722 , 0.000531722 , 0.000531722 , 0.0013293 , 0.0013293 , 0.0013293 , 0.00531722 , 0.0106344 , 0.978465 , 
0.111111 , 0.111111 , 0.111111 , 0.111111 , 0.111111 , 0.111111 , 0.111111 , 0.111111 , 0.111111 , 
0.111111 , 0.111111 , 0.111111 , 0.111111 , 0.111111 , 0.111111 , 0.111111 , 0.111111 , 0.111111 , 
2.7034e-05 , 2.7034e-05 , 6.7585e-05 , 6.7585e-05 , 0.00027034 , 0.00027034 , 0.0133426 , 0.0707402 , 0.915187 , 
4.21114e-07 , 7.71502e-06 , 2.54081e-05 , 7.40707e-05 , 0.000144825 , 0.000963788 , 0.0011822 , 0.00513302 , 0.992469 , 
0 , 0 , 0 , 0 , 0 , 0 , 0 , 0 , 0 , 
0 , 0 , 0 , 0 , 0 , 0 , 0 , 0 , 0 , 
0.0151515 , 0.0151515 , 0.0606061 , 0.0606061 , 0.121212 , 0.181818 , 0.181818 , 0.181818 , 0.181818 , 
3.52359e-08 , 8.80898e-08 , 7.04718e-07 , 1.05708e-06 , 3.21664e-05 , 3.21664e-05 , 5.60721e-05 , 0.00016735 , 0.99971 , 
7.79181e-05 , 7.79181e-05 , 7.79181e-05 , 0.000779181 , 0.00233754 , 0.00233754 , 0.0415051 , 0.127683 , 0.825124 , 
