0.111111 , 0.111111 , 0.111111 , 0.111111 , 0.111111 , 0.111111 , 0.111111 , 0.111111 , 0.111111 , 
0.00610834 , 0.0122167 , 0.0122167 , 0.018325 , 0.018325 , 0.018325 , 0.018325 , 0.018325 , 0.877833 , 
0.000246255 , 0.000246255 , 0.00197004 , 0.00197004 , 0.00295506 , 0.00295506 , 0.0598792 , 0.118798 , 0.81098 , 
5.05262e-05 , 0.00623588 , 0.0112476 , 0.0116762 , 0.0150127 , 0.0189409 , 0.0574667 , 0.140316 , 0.739054 , 
0.000542888 , 0.00217155 , 0.00434311 , 0.00651466 , 0.00651466 , 0.0991577 , 0.149545 , 0.202215 , 0.528995 , 
0.0188679 , 0.0754717 , 0.0754717 , 0.0754717 , 0.0754717 , 0.0754717 , 0.150943 , 0.226415 , 0.226415 , 
0.00123527 , 0.00308816 , 0.00308816 , 0.0123527 , 0.0123527 , 0.0247053 , 0.0247053 , 0.037058 , 0.881414 , 
0.000287749 , 0.000287749 , 0.00682643 , 0.0115936 , 0.0197686 , 0.0522468 , 0.216382 , 0.245504 , 0.447103 , 
0.0144928 , 0.057971 , 0.057971 , 0.057971 , 0.115942 , 0.173913 , 0.173913 , 0.173913 , 0.173913 , 
1.74496e-07 , 6.97983e-07 , 2.09395e-06 , 3.45006e-05 , 0.00053569 , 0.00053569 , 0.000732418 , 0.00360441 , 0.994554 , 
0.00113836 , 0.00170754 , 0.0334121 , 0.0490777 , 0.0707786 , 0.100824 , 0.141707 , 0.2123 , 0.389055 , 
0.00136666 , 0.00273331 , 0.00409997 , 0.00409997 , 0.00409997 , 0.0882028 , 0.147843 , 0.261983 , 0.485571 , 
0.000365682 , 0.0004602 , 0.00274991 , 0.00274991 , 0.00356344 , 0.00431925 , 0.00431925 , 0.0121477 , 0.969325 , 
0.0434783 , 0.0869565 , 0.0869565 , 0.130435 , 0.130435 , 0.130435 , 0.130435 , 0.130435 , 0.130435 , 
0.00186197 , 0.00372394 , 0.00372394 , 0.00558591 , 0.0852005 , 0.117662 , 0.165018 , 0.213249 , 0.403976 , 
0.0416667 , 0.0833333 , 0.125 , 0.125 , 0.125 , 0.125 , 0.125 , 0.125 , 0.125 , 
2.87324e-07 , 1.14929e-06 , 2.29859e-06 , 3.44788e-06 , 0.000169238 , 0.000744183 , 0.00352494 , 0.0489788 , 0.946576 , 
0.111111 , 0.111111 , 0.111111 , 0.111111 , 0.111111 , 0.111111 , 0.111111 , 0.111111 , 0.111111 , 
0.00229714 , 0.00229714 , 0.00229714 , 0.00229714 , 0.00229714 , 0.00229714 , 0.00229714 , 0.278272 , 0.705648 , 
0.111111 , 0.111111 , 0.111111 , 0.111111 , 0.111111 , 0.111111 , 0.111111 , 0.111111 , 0.111111 , 
0.00823051 , 0.00823051 , 0.00823051 , 0.016461 , 0.016461 , 0.0246915 , 0.0246915 , 0.388022 , 0.504982 , 
0.0165289 , 0.0165289 , 0.0165289 , 0.0413223 , 0.0413223 , 0.0413223 , 0.165289 , 0.165289 , 0.495868 , 
6.08606e-32 , 5.58934e-30 , 5.25318e-28 , 3.37728e-25 , 6.4733e-22 , 1.71029e-18 , 4.54528e-16 , 1.85309e-11 , 1 , 
7.74701e-05 , 0.000116205 , 0.000116205 , 0.00331401 , 0.00966295 , 0.0197177 , 0.0507464 , 0.244559 , 0.67169 , 
0.000134364 , 0.000335909 , 0.000335909 , 0.000335909 , 0.00403091 , 0.0636694 , 0.121605 , 0.267127 , 0.542425 , 
6.86608e-05 , 0.000274643 , 0.000549286 , 0.000549286 , 0.00082393 , 0.0316002 , 0.0575033 , 0.194421 , 0.71421 , 
0.00262199 , 0.00475057 , 0.00503595 , 0.00840434 , 0.0114645 , 0.0502658 , 0.0724994 , 0.251751 , 0.593206 , 
1.3962e-05 , 2.71819e-05 , 2.71819e-05 , 4.06726e-05 , 0.000104572 , 0.000104572 , 0.000124773 , 0.000124773 , 0.999432 , 
0.000274072 , 0.000548145 , 0.000822217 , 0.0128575 , 0.0194466 , 0.0258889 , 0.0477389 , 0.15658 , 0.735843 , 
0.00262201 , 0.00262201 , 0.00262201 , 0.0235007 , 0.0325097 , 0.000874002 , 0.118741 , 0.205982 , 0.610527 , 
0.000443919 , 0.0011098 , 0.0011098 , 0.00443919 , 0.00443919 , 0.00887838 , 0.0133176 , 0.210582 , 0.75568 , 
0.000542319 , 0.000542319 , 0.00216928 , 0.00433855 , 0.00650783 , 0.00650783 , 0.107005 , 0.188279 , 0.684107 , 
0.000783008 , 0.0215993 , 0.038151 , 0.0434641 , 0.0575542 , 0.0893622 , 0.125344 , 0.180895 , 0.442847 , 
0.0769231 , 0.115385 , 0.115385 , 0.115385 , 0.115385 , 0.115385 , 0.115385 , 0.115385 , 0.115385 , 
0.016129 , 0.016129 , 0.0645161 , 0.0645161 , 0.129032 , 0.129032 , 0.193548 , 0.193548 , 0.193548 , 
0 , 0 , 0 , 0 , 0 , 0 , 0 , 0 , 0 , 
0.000422569 , 0.000608035 , 0.00168734 , 0.00281101 , 0.00579371 , 0.0148939 , 0.0877399 , 0.129837 , 0.756206 , 
0.000196063 , 0.00156851 , 0.00235276 , 0.00235276 , 0.00235276 , 0.0546337 , 0.0773428 , 0.171432 , 0.687769 , 
0.111111 , 0.111111 , 0.111111 , 0.111111 , 0.111111 , 0.111111 , 0.111111 , 0.111111 , 0.111111 , 
0.0136986 , 0.0547945 , 0.0547945 , 0.109589 , 0.109589 , 0.164384 , 0.164384 , 0.164384 , 0.164384 , 
0.00526029 , 0.0109121 , 0.0201697 , 0.0268103 , 0.0463084 , 0.0895071 , 0.134414 , 0.217604 , 0.449014 , 
0.0103093 , 0.0103093 , 0.0257732 , 0.0257732 , 0.103093 , 0.103093 , 0.206186 , 0.206186 , 0.309278 , 
0.04 , 0.04 , 0.04 , 0.04 , 0.04 , 0.16 , 0.16 , 0.16 , 0.32 , 
0.0454545 , 0.0909091 , 0.0909091 , 0.0909091 , 0.136364 , 0.136364 , 0.136364 , 0.136364 , 0.136364 , 
0.000701906 , 0.00213235 , 0.00262357 , 0.00481258 , 0.0154024 , 0.030066 , 0.069767 , 0.326101 , 0.548393 , 
0.00098667 , 0.020884 , 0.0269306 , 0.0369695 , 0.0665085 , 0.105884 , 0.134606 , 0.211789 , 0.395442 , 
0 , 0 , 0 , 0 , 0 , 0 , 0 , 0 , 0 , 
0 , 0 , 0 , 0 , 0 , 0 , 0 , 0 , 0 , 
0.00135885 , 0.00271771 , 0.00271771 , 0.00407656 , 0.00407656 , 0.0692543 , 0.0961571 , 0.220367 , 0.599275 , 
0.000688725 , 0.00103309 , 0.0188454 , 0.0296681 , 0.0401346 , 0.0521308 , 0.124433 , 0.186876 , 0.54619 , 
2.90446e-06 , 7.26116e-06 , 7.26116e-06 , 7.26116e-06 , 0.00149754 , 0.00180582 , 0.00180582 , 0.00642128 , 0.988445 , 
6.32949e-05 , 0.00209231 , 0.00547947 , 0.00547947 , 0.00699536 , 0.00802013 , 0.00802013 , 0.0212758 , 0.942574 , 
0.000228014 , 0.000228014 , 0.000912057 , 0.00182411 , 0.00273617 , 0.00273617 , 0.0989608 , 0.208918 , 0.683456 , 
0.000794471 , 0.00158894 , 0.00238341 , 0.0600456 , 0.0695242 , 0.0875234 , 0.120145 , 0.199243 , 0.458751 , 
0.000439851 , 0.00131955 , 0.0226747 , 0.0286488 , 0.0383281 , 0.0866541 , 0.128202 , 0.247658 , 0.446075 , 
0.000521078 , 0.00136312 , 0.00211838 , 0.0203045 , 0.0244055 , 0.0442862 , 0.19645 , 0.201606 , 0.508945 , 
5.30426e-05 , 0.00133762 , 0.00231553 , 0.00506709 , 0.00641314 , 0.0104256 , 0.0406565 , 0.145485 , 0.788246 , 
0.0769231 , 0.115385 , 0.115385 , 0.115385 , 0.115385 , 0.115385 , 0.115385 , 0.115385 , 0.115385 , 
1.57011e-05 , 2.35517e-05 , 2.35517e-05 , 0.00437565 , 0.00437565 , 0.0065983 , 0.0065983 , 0.488995 , 0.488995 , 
0.0136986 , 0.0547945 , 0.0547945 , 0.109589 , 0.109589 , 0.164384 , 0.164384 , 0.164384 , 0.164384 , 
0 , 0 , 0 , 0 , 0 , 0 , 0 , 0 , 0 , 
0 , 0 , 0 , 0 , 0 , 0 , 0 , 0 , 0 , 
0.000222728 , 0.000556819 , 0.00222728 , 0.00222728 , 0.00445455 , 0.00668183 , 0.111211 , 0.176006 , 0.696413 , 
0.00135507 , 0.00135507 , 0.00338767 , 0.00338767 , 0.0135507 , 0.0135507 , 0.0271013 , 0.040652 , 0.89566 , 
0.111111 , 0.111111 , 0.111111 , 0.111111 , 0.111111 , 0.111111 , 0.111111 , 0.111111 , 0.111111 , 
0.000593597 , 0.00148399 , 0.00148399 , 0.00593597 , 0.0118719 , 0.0118719 , 0.0118719 , 0.275752 , 0.679135 , 
0 , 0 , 0 , 0 , 0 , 0 , 0 , 0 , 0 , 
0.00305467 , 0.00305467 , 0.00610933 , 0.009164 , 0.009164 , 0.138334 , 0.180495 , 0.236918 , 0.413707 , 
0.000353146 , 0.000353146 , 0.000706291 , 0.00105944 , 0.00105944 , 0.0268568 , 0.0554775 , 0.170214 , 0.74392 , 
0.00143208 , 0.019081 , 0.02803 , 0.0370592 , 0.0423488 , 0.0440459 , 0.0942579 , 0.225547 , 0.508198 , 
0 , 0 , 0 , 0 , 0 , 0 , 0 , 0 , 0 , 
0.111111 , 0.111111 , 0.111111 , 0.111111 , 0.111111 , 0.111111 , 0.111111 , 0.111111 , 0.111111 , 
3.54277e-06 , 1.01757e-05 , 2.82966e-05 , 3.00601e-05 , 0.000226169 , 0.000226169 , 0.000260484 , 0.00130285 , 0.997912 , 
0.00078036 , 0.0012735 , 0.00283503 , 0.00663568 , 0.00957038 , 0.0152934 , 0.0543644 , 0.108386 , 0.800861 , 
0.00892077 , 0.00892077 , 0.0178415 , 0.0178415 , 0.0267623 , 0.0267623 , 0.0267623 , 0.285331 , 0.580857 , 
0 , 0 , 0 , 0 , 0 , 0 , 0 , 0 , 0 , 
0 , 0 , 0 , 0 , 0 , 0 , 0 , 0 , 0 , 
0.111111 , 0.111111 , 0.111111 , 0.111111 , 0.111111 , 0.111111 , 0.111111 , 0.111111 , 0.111111 , 
0.000118379 , 0.00118379 , 0.00118379 , 0.00118379 , 0.00236758 , 0.00355137 , 0.00355137 , 0.136413 , 0.850447 , 
0.0769231 , 0.115385 , 0.115385 , 0.115385 , 0.115385 , 0.115385 , 0.115385 , 0.115385 , 0.115385 , 
0 , 0 , 0 , 0 , 0 , 0 , 0 , 0 , 0 , 
0 , 0 , 0 , 0 , 0 , 0 , 0 , 0 , 0 , 
5.5972e-309 , 1.3993e-308 , 0.0225778 , 0.0790474 , 0.121008 , 1.67916e-307 , 0.212467 , 0.258635 , 0.306265 , 
0.00354075 , 0.014163 , 0.014163 , 0.014163 , 0.028326 , 0.028326 , 0.042489 , 0.042489 , 0.81234 , 
0.000469618 , 0.00187847 , 0.00375694 , 0.00563541 , 0.00563541 , 0.00563541 , 0.108862 , 0.23358 , 0.634546 , 
0.000359487 , 0.00143795 , 0.00143795 , 0.0028759 , 0.0028759 , 0.0576496 , 0.106781 , 0.222623 , 0.603959 , 
0.00049629 , 0.00198516 , 0.00198516 , 0.00397032 , 0.00595548 , 0.0939918 , 0.147592 , 0.270739 , 0.473284 , 
0.00089154 , 0.00133731 , 0.0146386 , 0.0181835 , 0.0285152 , 0.0463286 , 0.0710708 , 0.171094 , 0.64794 , 
0.00143492 , 0.00573969 , 0.00573969 , 0.00573969 , 0.00573969 , 0.0114794 , 0.0172191 , 0.0172191 , 0.929689 , 
0.00953779 , 0.0143824 , 0.019399 , 0.0335042 , 0.0415188 , 0.0581634 , 0.16143 , 0.188963 , 0.473101 , 
0.00766742 , 0.014937 , 0.0228584 , 0.0329095 , 0.0531599 , 0.0824675 , 0.144133 , 0.230201 , 0.411667 , 
0 , 0 , 0 , 0 , 0 , 0 , 0 , 0 , 0 , 
0.00174662 , 0.00174662 , 0.00349323 , 0.00523985 , 0.00523985 , 0.00523985 , 0.00523985 , 0.00523985 , 0.966814 , 
0.000624018 , 0.00249607 , 0.00499214 , 0.00499214 , 0.00748822 , 0.128723 , 0.173261 , 0.26726 , 0.410163 , 
0.00115843 , 0.00231686 , 0.00231686 , 0.00347529 , 0.00347529 , 0.0776222 , 0.135524 , 0.246686 , 0.527425 , 
0 , 0 , 0 , 0 , 0 , 0 , 0 , 0 , 0 , 
0.00324413 , 0.00324413 , 0.00324413 , 0.00324413 , 0.0129765 , 0.0129765 , 0.025953 , 0.0389296 , 0.896188 , 
0.000388726 , 0.000388726 , 0.000777452 , 0.0399476 , 0.0488525 , 0.0842957 , 0.114486 , 0.16938 , 0.541484 , 
0.0843586 , 0.0843586 , 0.0843586 , 0.0843586 , 0.132513 , 0.132513 , 0.132513 , 0.132513 , 0.132513 , 
2.19149e-06 , 7.88608e-05 , 0.000314701 , 0.000322044 , 0.00109489 , 0.0035663 , 0.00367402 , 0.0105957 , 0.980351 , 
0.0384615 , 0.0384615 , 0.0384615 , 0.0384615 , 0.0384615 , 0.0384615 , 0.153846 , 0.153846 , 0.461538 , 
0.000901363 , 0.000901363 , 0.00225341 , 0.00225341 , 0.00901363 , 0.00901363 , 0.0270409 , 0.0270409 , 0.921581 , 
0.0416667 , 0.0833333 , 0.125 , 0.125 , 0.125 , 0.125 , 0.125 , 0.125 , 0.125 , 
0.0105226 , 0.0176868 , 0.026004 , 0.0451397 , 0.072699 , 0.0950561 , 0.123764 , 0.145161 , 0.463966 , 
0.00156622 , 0.00308352 , 0.00319733 , 0.00759477 , 0.0136486 , 0.0154524 , 0.0266948 , 0.183112 , 0.74565 , 
0.03125 , 0.03125 , 0.03125 , 0.03125 , 0.125 , 0.125 , 0.125 , 0.25 , 0.25 , 
0.000674609 , 0.00539687 , 0.00809531 , 0.00809531 , 0.0722837 , 0.0768147 , 0.100486 , 0.292369 , 0.435784 , 
0.000199496 , 0.00049874 , 0.00049874 , 0.00199496 , 0.00398992 , 0.00598488 , 0.109042 , 0.173319 , 0.704473 , 
6.71035e-05 , 0.00181736 , 0.00286644 , 0.00318155 , 0.00513602 , 0.0407248 , 0.0910658 , 0.294365 , 0.560776 , 
0.00101909 , 0.00101909 , 0.00101909 , 0.00101909 , 0.199185 , 0.199185 , 0.199185 , 0.199185 , 0.199185 , 
0.000145604 , 0.000145604 , 0.000582414 , 0.00116483 , 0.00174724 , 0.00174724 , 0.0590083 , 0.165984 , 0.769475 , 
0.111111 , 0.111111 , 0.111111 , 0.111111 , 0.111111 , 0.111111 , 0.111111 , 0.111111 , 0.111111 , 
0.000345958 , 0.00953721 , 0.0197285 , 0.0285661 , 0.0379844 , 0.0718826 , 0.145159 , 0.207297 , 0.4795 , 
0 , 0 , 0 , 0 , 0 , 0 , 0 , 0 , 0 , 
0.00185385 , 0.00278077 , 0.0418994 , 0.046003 , 0.0565293 , 0.0952062 , 0.131661 , 0.200516 , 0.42355 , 
0.111111 , 0.111111 , 0.111111 , 0.111111 , 0.111111 , 0.111111 , 0.111111 , 0.111111 , 0.111111 , 
0 , 0 , 0 , 0 , 0 , 0 , 0 , 0 , 0 , 
0.00134149 , 0.00134149 , 0.00536596 , 0.00536596 , 0.0107319 , 0.0160979 , 0.0160979 , 0.247843 , 0.695814 , 
0.000177731 , 0.000177731 , 0.00676257 , 0.0106412 , 0.0132033 , 0.0177825 , 0.0293799 , 0.125299 , 0.796576 , 
0.00143765 , 0.00575062 , 0.00575062 , 0.0115012 , 0.0115012 , 0.0172519 , 0.0172519 , 0.334918 , 0.594637 , 
0.000512764 , 0.00205105 , 0.00205105 , 0.00410211 , 0.00410211 , 0.00615316 , 0.00615316 , 0.214263 , 0.760611 , 
0.0169492 , 0.0169492 , 0.0169492 , 0.0677966 , 0.135593 , 0.135593 , 0.20339 , 0.20339 , 0.20339 , 
0.000155655 , 0.000311309 , 0.00739926 , 0.0130646 , 0.0153705 , 0.0207869 , 0.0374077 , 0.0593547 , 0.846149 , 
0.000157982 , 0.000631926 , 0.00189578 , 0.00189578 , 0.0385397 , 0.0564537 , 0.0905344 , 0.21567 , 0.59422 , 
7.22775e-05 , 0.00028911 , 0.00057822 , 0.00086733 , 0.0307262 , 0.0619944 , 0.0949752 , 0.198208 , 0.612289 , 
0.0769231 , 0.115385 , 0.115385 , 0.115385 , 0.115385 , 0.115385 , 0.115385 , 0.115385 , 0.115385 , 
0.00294378 , 0.00735945 , 0.00735945 , 0.00735945 , 0.0294378 , 0.0294378 , 0.0588756 , 0.0883134 , 0.768913 , 
0.0101523 , 0.0253807 , 0.0253807 , 0.0253807 , 0.101523 , 0.101523 , 0.203046 , 0.203046 , 0.304569 , 
0.00092102 , 0.0222907 , 0.0441278 , 0.0540182 , 0.0631601 , 0.0873665 , 0.134826 , 0.209647 , 0.383642 , 
0 , 0 , 0 , 0 , 0 , 0 , 0 , 0 , 0 , 
0.00211694 , 0.00846776 , 0.00846776 , 0.0169355 , 0.0169355 , 0.0169355 , 0.0254033 , 0.397457 , 0.50728 , 
0.000115413 , 0.00214733 , 0.00529176 , 0.0107892 , 0.0136586 , 0.018135 , 0.0274298 , 0.057397 , 0.865036 , 
0.000875437 , 0.00302468 , 0.00876447 , 0.0103991 , 0.023821 , 0.034449 , 0.0688189 , 0.218957 , 0.63089 , 
0.00632551 , 0.0150275 , 0.022606 , 0.0308836 , 0.0679987 , 0.099238 , 0.131738 , 0.192101 , 0.434081 , 
1.15283e-05 , 1.15283e-05 , 1.15283e-05 , 0.00313773 , 0.00535181 , 0.012604 , 0.037469 , 0.144586 , 0.796817 , 
3.1649e-05 , 0.000126596 , 0.000126596 , 0.000379787 , 0.00493211 , 0.0139816 , 0.0260796 , 0.0962776 , 0.858065 , 
0.000968994 , 0.017017 , 0.0305312 , 0.0425713 , 0.0606386 , 0.0933291 , 0.144749 , 0.210906 , 0.399289 , 
0.00180984 , 0.00361968 , 0.00542952 , 0.00542952 , 0.0430903 , 0.0649639 , 0.0989447 , 0.209407 , 0.567306 , 
0.00175194 , 0.0026279 , 0.0207919 , 0.0424145 , 0.0573508 , 0.132566 , 0.17057 , 0.19316 , 0.378766 , 
0.0101523 , 0.0253807 , 0.0253807 , 0.0253807 , 0.101523 , 0.101523 , 0.203046 , 0.203046 , 0.304569 , 
0.00375647 , 0.00751295 , 0.00751295 , 0.00751295 , 0.0112694 , 0.0112694 , 0.176711 , 0.269937 , 0.504518 , 
1.81661e-05 , 4.54152e-05 , 0.000363322 , 0.00561026 , 0.00897207 , 0.0221625 , 0.0565335 , 0.152902 , 0.753393 , 
0 , 0 , 0 , 0 , 0 , 0 , 0 , 0 , 0 , 
4.30227e-05 , 0.000172091 , 0.000344182 , 0.000344182 , 0.000516272 , 0.0149748 , 0.0267808 , 0.0983989 , 0.858426 , 
0.0240964 , 0.0240964 , 0.0240964 , 0.0240964 , 0.060241 , 0.060241 , 0.060241 , 0.240964 , 0.481928 , 
0 , 0 , 0 , 0 , 0 , 0 , 0 , 0 , 0 , 
0.111111 , 0.111111 , 0.111111 , 0.111111 , 0.111111 , 0.111111 , 0.111111 , 0.111111 , 0.111111 , 
0 , 0 , 0 , 0 , 0 , 0 , 0 , 0 , 0 , 
0 , 0 , 0 , 0 , 0 , 0 , 0 , 0 , 0 , 
0.00359847 , 0.00615949 , 0.00823395 , 0.0153432 , 0.0285576 , 0.0459446 , 0.101997 , 0.288197 , 0.501969 , 
0.000104212 , 0.000416849 , 0.000833699 , 0.000833699 , 0.00125055 , 0.0339951 , 0.0610023 , 0.201207 , 0.700356 , 
0.0613903 , 0.0659782 , 0.074433 , 0.0835623 , 0.0988412 , 0.116275 , 0.145272 , 0.165066 , 0.189182 , 
0.000724541 , 0.00181135 , 0.00181135 , 0.00724541 , 0.00724541 , 0.0144908 , 0.0217362 , 0.335249 , 0.609686 , 
0.000301421 , 0.000753553 , 0.000753553 , 0.00301421 , 0.00602842 , 0.00602842 , 0.00904263 , 0.196768 , 0.77731 , 
0.111111 , 0.111111 , 0.111111 , 0.111111 , 0.111111 , 0.111111 , 0.111111 , 0.111111 , 0.111111 , 
0.000880112 , 0.00352045 , 0.00704089 , 0.0105613 , 0.0105613 , 0.115504 , 0.152437 , 0.256586 , 0.442909 , 
0.00049863 , 0.00049863 , 0.00049863 , 0.00124657 , 0.00124657 , 0.00124657 , 0.00997259 , 0.288051 , 0.696741 , 
0.00190351 , 0.00190351 , 0.00285527 , 0.0562291 , 0.0862613 , 0.102873 , 0.142797 , 0.205678 , 0.399499 , 
6.57716e-05 , 9.86574e-05 , 0.00208998 , 0.00401392 , 0.0426858 , 0.0727169 , 0.109846 , 0.178851 , 0.589633 , 
0.000176563 , 0.000176563 , 0.000353127 , 0.00052969 , 0.0109021 , 0.0247928 , 0.0409301 , 0.106729 , 0.81541 , 
0 , 0 , 0 , 0 , 0 , 0 , 0 , 0 , 0 , 
0.00238747 , 0.00238747 , 0.00477494 , 0.00716241 , 0.00716241 , 0.128809 , 0.160023 , 0.241047 , 0.446246 , 
0.0038532 , 0.0038532 , 0.0168422 , 0.0168422 , 0.0707406 , 0.0707406 , 0.0707406 , 0.373194 , 0.373194 , 
0.00141615 , 0.0113291 , 0.0113291 , 0.0117691 , 0.0132173 , 0.0132173 , 0.0319534 , 0.0319534 , 0.873815 , 
0.00187636 , 0.00281454 , 0.0364372 , 0.0518746 , 0.0729795 , 0.105051 , 0.146045 , 0.210508 , 0.372414 , 
0.000799994 , 0.000799994 , 0.00199998 , 0.00799994 , 0.00799994 , 0.0159999 , 0.0159999 , 0.0239998 , 0.924401 , 
0.00139352 , 0.00557408 , 0.00557408 , 0.0111482 , 0.0111482 , 0.0167222 , 0.0167222 , 0.31683 , 0.614887 , 
0 , 0 , 0 , 0 , 0 , 0 , 0 , 0 , 0 , 
0.000954583 , 0.000954583 , 0.00238646 , 0.00238646 , 0.00238646 , 0.00954583 , 0.00954583 , 0.0286375 , 0.943202 , 
0.0007298 , 0.0018245 , 0.0018245 , 0.007298 , 0.007298 , 0.007298 , 0.021894 , 0.272113 , 0.67972 , 
0.0277033 , 0.0566651 , 0.0643573 , 0.0708802 , 0.0847511 , 0.0881638 , 0.146079 , 0.212039 , 0.249361 , 
0.08 , 0.08 , 0.12 , 0.12 , 0.12 , 0.12 , 0.12 , 0.12 , 0.12 , 
0.0103093 , 0.0103093 , 0.0257732 , 0.0257732 , 0.103093 , 0.103093 , 0.206186 , 0.206186 , 0.309278 , 
0.0185185 , 0.0185185 , 0.0740741 , 0.0740741 , 0.0740741 , 0.148148 , 0.148148 , 0.222222 , 0.222222 , 
0.0769231 , 0.115385 , 0.115385 , 0.115385 , 0.115385 , 0.115385 , 0.115385 , 0.115385 , 0.115385 , 
0.000786123 , 0.00157225 , 0.00235837 , 0.0423009 , 0.0586727 , 0.0986017 , 0.156608 , 0.21369 , 0.42541 , 
0 , 0 , 0 , 0 , 0 , 0 , 0 , 0 , 0 , 
0 , 0 , 0 , 0 , 0 , 0 , 0 , 0 , 0 , 
1.0308e-05 , 1.0308e-05 , 2.7901e-05 , 2.7901e-05 , 3.54224e-05 , 3.54224e-05 , 3.54224e-05 , 0.499909 , 0.499909 , 
0.000287662 , 0.00543685 , 0.0107306 , 0.0263938 , 0.0324916 , 0.0422188 , 0.0452726 , 0.231087 , 0.606081 , 
0.000534307 , 0.0102412 , 0.0129972 , 0.022227 , 0.0272241 , 0.040721 , 0.15564 , 0.198358 , 0.532058 , 
0.00391741 , 0.00690952 , 0.0135823 , 0.0212792 , 0.0254844 , 0.0346222 , 0.0711507 , 0.124144 , 0.69891 , 
0.00046335 , 0.0018534 , 0.0037068 , 0.0055602 , 0.0055602 , 0.0055602 , 0.119629 , 0.245867 , 0.6118 , 
0.00312596 , 0.00312596 , 0.0125038 , 0.0125038 , 0.0250077 , 0.0250077 , 0.0375115 , 0.0375115 , 0.843702 , 
0 , 0 , 0 , 0 , 0 , 0 , 0 , 0 , 0 , 
0 , 0 , 0 , 0 , 0 , 0 , 0 , 0 , 0 , 
0.000923037 , 0.00369215 , 0.00369215 , 0.00738429 , 0.00738429 , 0.0110764 , 0.214437 , 0.270433 , 0.480978 , 
0.0018102 , 0.0027153 , 0.0280001 , 0.0409741 , 0.0584028 , 0.0856552 , 0.0983156 , 0.142216 , 0.541911 , 
0 , 0 , 0 , 0 , 0 , 0 , 0 , 0 , 0 , 
0.00066858 , 0.00160206 , 0.00302185 , 0.00684661 , 0.01478 , 0.0220795 , 0.0569149 , 0.213085 , 0.681001 , 
0 , 0 , 0 , 0 , 0 , 0 , 0 , 0 , 0 , 
0.000441483 , 0.000662225 , 0.0101251 , 0.0142693 , 0.0265543 , 0.0398371 , 0.0493893 , 0.0855381 , 0.773183 , 
0 , 0 , 0 , 0 , 0 , 0 , 0 , 0 , 0 , 
2.29121e-05 , 3.43681e-05 , 0.000667339 , 0.00203234 , 0.00805697 , 0.0132573 , 0.0396966 , 0.130479 , 0.805754 , 
0.00053646 , 0.00107292 , 0.00107292 , 0.00107292 , 0.00160938 , 0.00160938 , 0.0515085 , 0.151957 , 0.789561 , 
0.000200361 , 0.000200361 , 0.00395567 , 0.00882801 , 0.0100013 , 0.0112405 , 0.0274489 , 0.099756 , 0.838369 , 
2.26945e-147 , 6.77397e-132 , 9.04561e-117 , 9.33885e-103 , 3.43366e-85 , 8.35537e-69 , 3.64752e-54 , 3.029e-32 , 1 , 
0.000596016 , 0.00119203 , 0.00178805 , 0.00178805 , 0.00178805 , 0.00178805 , 0.0853861 , 0.174854 , 0.73082 , 
0.0031417 , 0.0031417 , 0.0031417 , 0.0031417 , 0.00785424 , 0.00785424 , 0.00785424 , 0.031417 , 0.932453 , 
0.00116131 , 0.00464523 , 0.00464523 , 0.00929046 , 0.0139357 , 0.0139357 , 0.217184 , 0.291927 , 0.443275 , 
0.012987 , 0.0519481 , 0.0519481 , 0.103896 , 0.155844 , 0.155844 , 0.155844 , 0.155844 , 0.155844 , 
0.00136856 , 0.00547424 , 0.00547424 , 0.0164227 , 0.0164227 , 0.0164227 , 0.256794 , 0.328692 , 0.352928 , 
1.54746e-92 , 3.68707e-87 , 4.92359e-83 , 1.48503e-75 , 8.22099e-68 , 6.5719e-57 , 2.9541e-43 , 1.40672e-30 , 1 , 
0.0005696 , 0.0005696 , 0.0022784 , 0.0022784 , 0.0045568 , 0.0045568 , 0.0068352 , 0.189131 , 0.789224 , 
0.0212766 , 0.0212766 , 0.0212766 , 0.0851064 , 0.0851064 , 0.0851064 , 0.170213 , 0.255319 , 0.255319 , 
0.00146306 , 0.00365766 , 0.0146306 , 0.0146306 , 0.0146306 , 0.0292613 , 0.0438919 , 0.0438919 , 0.833942 , 
0.0016027 , 0.00400676 , 0.00400676 , 0.016027 , 0.016027 , 0.016027 , 0.032054 , 0.032054 , 0.878195 , 
0.000200131 , 0.000200131 , 0.000200131 , 0.000800524 , 0.000800524 , 0.0270531 , 0.0525772 , 0.150439 , 0.76773 , 
0.111111 , 0.111111 , 0.111111 , 0.111111 , 0.111111 , 0.111111 , 0.111111 , 0.111111 , 0.111111 , 
0 , 0 , 0 , 0 , 0 , 0 , 0 , 0 , 0 , 
0.0606061 , 0.0606061 , 0.0606061 , 0.0606061 , 0.151515 , 0.151515 , 0.151515 , 0.151515 , 0.151515 , 
0.0015378 , 0.00274973 , 0.00495178 , 0.023346 , 0.0356889 , 0.0418486 , 0.052706 , 0.11796 , 0.719211 , 
0.0526316 , 0.0526316 , 0.105263 , 0.105263 , 0.105263 , 0.105263 , 0.157895 , 0.157895 , 0.157895 , 
5.64538e-05 , 0.0011961 , 0.00225213 , 0.00225213 , 0.0113024 , 0.0203556 , 0.0203556 , 0.167573 , 0.774657 , 
0.00396079 , 0.0105674 , 0.0106474 , 0.0120791 , 0.0259785 , 0.0285623 , 0.134604 , 0.184287 , 0.589314 , 
4.76358e-07 , 4.76358e-07 , 4.76358e-07 , 4.76358e-07 , 0.2 , 0.2 , 0.2 , 0.2 , 0.2 , 
0.000680708 , 0.0228374 , 0.0451157 , 0.0554303 , 0.0608199 , 0.0898498 , 0.138205 , 0.200348 , 0.386713 , 
0 , 0 , 0 , 0 , 0 , 0 , 0 , 0 , 0 , 
0.00124128 , 0.00186192 , 0.0303379 , 0.0403048 , 0.0561028 , 0.105758 , 0.149673 , 0.217937 , 0.396783 , 
0.0265325 , 0.0336763 , 0.0384486 , 0.0550862 , 0.0738907 , 0.0938952 , 0.15582 , 0.182013 , 0.340638 , 
0 , 0 , 0 , 0 , 0 , 0 , 0 , 0 , 0 , 
0 , 0 , 0 , 0 , 0 , 0 , 0 , 0 , 0 , 
0.111111 , 0.111111 , 0.111111 , 0.111111 , 0.111111 , 0.111111 , 0.111111 , 0.111111 , 0.111111 , 
0.000494329 , 0.000494329 , 0.00123582 , 0.00123582 , 0.00494329 , 0.00988659 , 0.0148299 , 0.234928 , 0.731952 , 
0.000988598 , 0.0019772 , 0.0019772 , 0.00296579 , 0.0569709 , 0.110279 , 0.144317 , 0.229284 , 0.451241 , 
0.000226594 , 0.000226594 , 0.000679782 , 0.0141794 , 0.0282151 , 0.0624386 , 0.116727 , 0.183507 , 0.5938 , 
4.44863e-05 , 0.00108457 , 0.00339958 , 0.0060589 , 0.00671015 , 0.0101152 , 0.0244722 , 0.107294 , 0.840821 , 
0.000672769 , 0.00269108 , 0.00269108 , 0.00538216 , 0.00807323 , 0.145177 , 0.179169 , 0.254982 , 0.401163 , 
0.000468289 , 0.000936579 , 0.000936579 , 0.00140487 , 0.00140487 , 0.0335458 , 0.0413259 , 0.228755 , 0.691222 , 
0 , 0 , 0 , 0 , 0 , 0 , 0 , 0 , 0 , 
0.019802 , 0.019802 , 0.019802 , 0.049505 , 0.049505 , 0.049505 , 0.19802 , 0.19802 , 0.39604 , 
0 , 0 , 0 , 0 , 0 , 0 , 0 , 0 , 0 , 
0.0454545 , 0.0454545 , 0.0909091 , 0.136364 , 0.136364 , 0.136364 , 0.136364 , 0.136364 , 0.136364 , 
1.61723e-05 , 1.61723e-05 , 1.61723e-05 , 0.048896 , 0.048896 , 0.048896 , 0.284421 , 0.284421 , 0.284421 , 
0.111111 , 0.111111 , 0.111111 , 0.111111 , 0.111111 , 0.111111 , 0.111111 , 0.111111 , 0.111111 , 
0.00102292 , 0.00102292 , 0.00409169 , 0.00818337 , 0.00818337 , 0.0122751 , 0.20073 , 0.259451 , 0.505039 , 
0 , 0 , 0 , 0 , 0 , 0 , 0 , 0 , 0 , 
0.00672701 , 0.0100905 , 0.0100905 , 0.0100905 , 0.0100905 , 0.0100905 , 0.0100905 , 0.922639 , 0.0100905 , 
0.000319388 , 0.000798469 , 0.000798469 , 0.000798469 , 0.000798469 , 0.00958163 , 0.116715 , 0.224117 , 0.646073 , 
0.00187592 , 0.00365092 , 0.00506493 , 0.0115718 , 0.0180441 , 0.0354639 , 0.115046 , 0.266681 , 0.542601 , 
0.000559714 , 0.0173043 , 0.0293873 , 0.0401742 , 0.0507152 , 0.0895201 , 0.147094 , 0.213159 , 0.412086 , 
0.000250752 , 0.00100301 , 0.00100301 , 0.00100301 , 0.00200602 , 0.00300902 , 0.00300902 , 0.219292 , 0.769424 , 
0.000785673 , 0.00785673 , 0.00785673 , 0.0235702 , 0.0235702 , 0.0235702 , 0.0235702 , 0.375563 , 0.513658 , 
0.00312493 , 0.00624986 , 0.00624986 , 0.00937479 , 0.00937479 , 0.151501 , 0.190383 , 0.253749 , 0.369993 , 
0 , 0 , 0 , 0 , 0 , 0 , 0 , 0 , 0 , 
0.000564473 , 0.00933074 , 0.0132493 , 0.0270681 , 0.047196 , 0.0638647 , 0.0790237 , 0.158802 , 0.600901 , 
9.92247e-05 , 0.000992247 , 0.000992247 , 0.00198449 , 0.00297674 , 0.00297674 , 0.0846527 , 0.157967 , 0.747358 , 
0.000722112 , 0.0215126 , 0.0252238 , 0.0333643 , 0.0558729 , 0.074708 , 0.123321 , 0.21404 , 0.451236 , 
0.025 , 0.025 , 0.025 , 0.025 , 0.1 , 0.1 , 0.2 , 0.2 , 0.3 , 
0.000453058 , 0.00135917 , 0.0242957 , 0.0315116 , 0.0408548 , 0.0550693 , 0.116947 , 0.179693 , 0.549816 , 
0.000191844 , 0.000191844 , 0.000767376 , 0.00153475 , 0.00230213 , 0.0421466 , 0.0532963 , 0.0967078 , 0.802861 , 
0.00114307 , 0.00285766 , 0.00285766 , 0.0114307 , 0.0114307 , 0.0228613 , 0.0228613 , 0.034292 , 0.890266 , 
0.00744759 , 0.012652 , 0.0233648 , 0.0313479 , 0.0415574 , 0.0647865 , 0.0954884 , 0.181045 , 0.54231 , 
0.0009217 , 0.0036868 , 0.0036868 , 0.0036868 , 0.0110604 , 0.0110604 , 0.191069 , 0.285009 , 0.48982 , 
0.047619 , 0.047619 , 0.047619 , 0.047619 , 0.047619 , 0.190476 , 0.190476 , 0.190476 , 0.190476 , 
0.00259019 , 0.00632648 , 0.00799587 , 0.0150682 , 0.0238114 , 0.0854457 , 0.100703 , 0.253566 , 0.504493 , 
0 , 0 , 0 , 0 , 0 , 0 , 0 , 0 , 0 , 
0.00015974 , 0.000638958 , 0.000638958 , 0.00127792 , 0.00191687 , 0.00191687 , 0.0655122 , 0.139789 , 0.78815 , 
0 , 0 , 0 , 0 , 0 , 0 , 0 , 0 , 0 , 
0 , 0 , 0 , 0 , 0 , 0 , 0 , 0 , 0 , 
4.51904e-06 , 4.51904e-06 , 1.35571e-05 , 0.00025331 , 0.000714742 , 0.00244817 , 0.00852173 , 0.0739669 , 0.914073 , 
0.000350298 , 0.00153408 , 0.00309552 , 0.00598086 , 0.00830045 , 0.0178043 , 0.092349 , 0.251068 , 0.619517 , 
0.0454545 , 0.0454545 , 0.0909091 , 0.136364 , 0.136364 , 0.136364 , 0.136364 , 0.136364 , 0.136364 , 
1.80134e-08 , 4.50334e-08 , 1.80134e-07 , 5.40401e-07 , 1.07533e-05 , 1.49551e-05 , 3.63167e-05 , 0.0694395 , 0.930498 , 
0.111111 , 0.111111 , 0.111111 , 0.111111 , 0.111111 , 0.111111 , 0.111111 , 0.111111 , 0.111111 , 
0.00247665 , 0.00247665 , 0.00371498 , 0.0604143 , 0.0777894 , 0.128699 , 0.184591 , 0.215802 , 0.324036 , 
8.72738e-05 , 0.000218185 , 0.000218185 , 0.000872738 , 0.000872738 , 0.0705081 , 0.113705 , 0.173638 , 0.639879 , 
0 , 0 , 0 , 0 , 0 , 0 , 0 , 0 , 0 , 
0.00362398 , 0.00543597 , 0.00543597 , 0.00543597 , 0.0940489 , 0.115847 , 0.137405 , 0.197404 , 0.435363 , 
0.111111 , 0.111111 , 0.111111 , 0.111111 , 0.111111 , 0.111111 , 0.111111 , 0.111111 , 0.111111 , 
0.0015812 , 0.0023718 , 0.0023718 , 0.0357295 , 0.0512268 , 0.0715598 , 0.0982582 , 0.212985 , 0.523916 , 
0.00293796 , 0.00587593 , 0.00587593 , 0.00881389 , 0.00881389 , 0.00881389 , 0.00881389 , 0.263497 , 0.686558 , 
0 , 0 , 0 , 0 , 0 , 0 , 0 , 0 , 0 , 
0 , 0 , 0 , 0 , 0 , 0 , 0 , 0 , 0 , 
0.00010226 , 0.00020452 , 0.00030678 , 0.00030678 , 0.0117019 , 0.0117019 , 0.026683 , 0.0852761 , 0.863717 , 
0.000702186 , 0.000702186 , 0.000702186 , 0.013225 , 0.000702186 , 0.0383409 , 0.0853193 , 0.202368 , 0.657938 , 
0.00315922 , 0.00315922 , 0.0126369 , 0.0126369 , 0.0126369 , 0.0252738 , 0.0252738 , 0.0379107 , 0.867313 , 
0.0112994 , 0.0282486 , 0.0282486 , 0.0282486 , 0.112994 , 0.112994 , 0.112994 , 0.225989 , 0.338983 , 
0.0153846 , 0.0615385 , 0.0615385 , 0.0615385 , 0.123077 , 0.123077 , 0.184615 , 0.184615 , 0.184615 , 
0.00033461 , 0.00133844 , 0.00267688 , 0.00401533 , 0.0647424 , 0.087314 , 0.152322 , 0.24079 , 0.446466 , 
0.00153743 , 0.00307486 , 0.00307486 , 0.00461229 , 0.00461229 , 0.112743 , 0.140165 , 0.288299 , 0.441881 , 
0.0102041 , 0.0102041 , 0.0102041 , 0.0255102 , 0.0255102 , 0.102041 , 0.204082 , 0.306122 , 0.306122 , 
0.000224823 , 0.00409161 , 0.00598353 , 0.0125177 , 0.0447257 , 0.052531 , 0.133684 , 0.259705 , 0.486536 , 
0.000245738 , 0.000245738 , 0.000491475 , 0.000737213 , 0.0151447 , 0.0284067 , 0.0508195 , 0.160366 , 0.743542 , 
0 , 0 , 0 , 0 , 0 , 0 , 0 , 0 , 0 , 
0.000310981 , 0.000932944 , 0.000932944 , 0.0147868 , 0.021365 , 0.0392767 , 0.0664831 , 0.167871 , 0.68804 , 
0.00432399 , 0.00432399 , 0.0181066 , 0.0181066 , 0.0456949 , 0.0623279 , 0.0623279 , 0.208956 , 0.575832 , 
0.000715363 , 0.00286145 , 0.00286145 , 0.0057229 , 0.0057229 , 0.00858436 , 0.142769 , 0.234736 , 0.596026 , 
0.000310038 , 0.00124015 , 0.00248031 , 0.00248031 , 0.00372046 , 0.0595642 , 0.0987132 , 0.186628 , 0.644863 , 
0.00780853 , 0.0106318 , 0.0188188 , 0.0244502 , 0.0287116 , 0.0420532 , 0.0611875 , 0.361586 , 0.444752 , 
0.0114943 , 0.0114943 , 0.0287356 , 0.0287356 , 0.114943 , 0.114943 , 0.114943 , 0.229885 , 0.344828 , 
0.000704979 , 0.000704979 , 0.000704979 , 0.00281992 , 0.00563983 , 0.00563983 , 0.00563983 , 0.334561 , 0.643584 , 
0 , 0 , 0 , 0 , 0 , 0 , 0 , 0 , 0 , 
0.000388769 , 0.000777539 , 0.00116631 , 0.0226183 , 0.032701 , 0.0551644 , 0.0899831 , 0.141839 , 0.655362 , 
0.000418691 , 0.000911819 , 0.00102519 , 0.00144512 , 0.00290314 , 0.00354821 , 0.00387741 , 0.00595234 , 0.979918 , 
0 , 0 , 0 , 0 , 0 , 0 , 0 , 0 , 0 , 
0.000819943 , 0.000819943 , 0.000819943 , 0.00204986 , 0.00204986 , 0.00819943 , 0.0245983 , 0.267577 , 0.693065 , 
0.00161662 , 0.00173994 , 0.00256385 , 0.00386112 , 0.00640265 , 0.0238042 , 0.0314974 , 0.135986 , 0.792528 , 
0.000847672 , 0.00127151 , 0.00127151 , 0.0192265 , 0.03518 , 0.054594 , 0.115265 , 0.293336 , 0.479008 , 
0.00233742 , 0.00612567 , 0.0097941 , 0.0217059 , 0.0328954 , 0.0745038 , 0.15175 , 0.225026 , 0.475861 , 
0.0125786 , 0.0125786 , 0.0314465 , 0.0314465 , 0.0314465 , 0.125786 , 0.125786 , 0.251572 , 0.377358 , 
0.000408935 , 0.000613403 , 0.0133345 , 0.0235854 , 0.0318098 , 0.0410311 , 0.0646586 , 0.125704 , 0.698855 , 
0.00589015 , 0.0130152 , 0.0147021 , 0.0421127 , 0.0603628 , 0.0790832 , 0.11284 , 0.172916 , 0.499078 , 
0.000122926 , 0.000491705 , 0.000491705 , 0.00147512 , 0.0209868 , 0.031108 , 0.0733996 , 0.165608 , 0.706316 , 
0 , 0 , 0 , 0 , 0 , 0 , 0 , 0 , 0 , 
0 , 0 , 0 , 0 , 0 , 0 , 0 , 0 , 0 , 
0.000170781 , 0.000170781 , 0.00457501 , 0.00994041 , 0.0126775 , 0.0175596 , 0.0281165 , 0.0539354 , 0.872854 , 
0.08 , 0.08 , 0.12 , 0.12 , 0.12 , 0.12 , 0.12 , 0.12 , 0.12 , 
0 , 0 , 0 , 0 , 0 , 0 , 0 , 0 , 0 , 
0.0132394 , 0.0178473 , 0.025021 , 0.0383647 , 0.0605663 , 0.0894379 , 0.129916 , 0.217113 , 0.408494 , 
0.0454545 , 0.0454545 , 0.0909091 , 0.136364 , 0.136364 , 0.136364 , 0.136364 , 0.136364 , 0.136364 , 
0 , 0 , 0 , 0 , 0 , 0 , 0 , 0 , 0 , 
0.08 , 0.08 , 0.12 , 0.12 , 0.12 , 0.12 , 0.12 , 0.12 , 0.12 , 
0.000446719 , 0.00178687 , 0.00357375 , 0.00357375 , 0.00536062 , 0.063123 , 0.103696 , 0.193052 , 0.625387 , 
6.41441e-05 , 0.00122617 , 0.00168763 , 0.00391503 , 0.0430347 , 0.127888 , 0.140409 , 0.159404 , 0.522371 , 
0.00613161 , 0.014311 , 0.0211632 , 0.0299776 , 0.0618679 , 0.0951648 , 0.135661 , 0.208227 , 0.427496 , 
0.00160595 , 0.00642381 , 0.00642381 , 0.0128476 , 0.0128476 , 0.0192714 , 0.0192714 , 0.359797 , 0.561512 , 
0.000824806 , 0.00329922 , 0.00659844 , 0.00659844 , 0.00659844 , 0.00989767 , 0.165199 , 0.241811 , 0.559173 , 
0.00183214 , 0.00183214 , 0.00732856 , 0.00732856 , 0.0146571 , 0.0146571 , 0.0219857 , 0.40628 , 0.524099 , 
0 , 0 , 0 , 0 , 0 , 0 , 0 , 0 , 0 , 
0.0044722 , 0.0044722 , 0.0537801 , 0.0651038 , 0.0944926 , 0.0994938 , 0.111221 , 0.254326 , 0.312638 , 
0.000611871 , 0.00122374 , 0.00122374 , 0.00183561 , 0.0377781 , 0.0554564 , 0.0756836 , 0.165226 , 0.660961 , 
0.000923927 , 0.000923927 , 0.00277178 , 0.00277178 , 0.0456738 , 0.0746216 , 0.125728 , 0.203276 , 0.543309 , 
0.000334253 , 0.000835632 , 0.000835632 , 0.00334253 , 0.00334253 , 0.00334253 , 0.00668506 , 0.190382 , 0.7909 , 
0 , 0 , 0 , 0 , 0 , 0 , 0 , 0 , 0 , 
0.00223487 , 0.00223487 , 0.00893948 , 0.00893948 , 0.00893948 , 0.00893948 , 0.017879 , 0.017879 , 0.924014 , 
0 , 0 , 0 , 0 , 0 , 0 , 0 , 0 , 0 , 
0.0044333 , 0.00664996 , 0.00664996 , 0.00664996 , 0.00664996 , 0.00664996 , 0.00664996 , 0.285155 , 0.670512 , 
0 , 0 , 0 , 0 , 0 , 0 , 0 , 0 , 0 , 
0.00189504 , 0.00189504 , 0.00189504 , 0.00189504 , 0.198484 , 0.198484 , 0.198484 , 0.198484 , 0.198484 , 
0.00470073 , 0.00542374 , 0.00601672 , 0.00674355 , 0.0179721 , 0.0214354 , 0.0631992 , 0.272338 , 0.602171 , 
0.0010173 , 0.0040692 , 0.0040692 , 0.00813839 , 0.00813839 , 0.0122076 , 0.193797 , 0.303337 , 0.465226 , 
0.000347724 , 0.000347724 , 0.000347724 , 0.000347724 , 0.199722 , 0.199722 , 0.199722 , 0.199722 , 0.199722 , 
0.0169492 , 0.0169492 , 0.0169492 , 0.0677966 , 0.135593 , 0.135593 , 0.20339 , 0.20339 , 0.20339 , 
0.0150504 , 0.0233044 , 0.038701 , 0.0614227 , 0.0834929 , 0.0979465 , 0.140987 , 0.191122 , 0.347973 , 
0.00133226 , 0.00199838 , 0.023921 , 0.0384326 , 0.0585145 , 0.0812708 , 0.126333 , 0.192478 , 0.475719 , 
7.71473e-05 , 7.71473e-05 , 7.71473e-05 , 0.000192868 , 0.000771473 , 0.00231442 , 0.0342752 , 0.179185 , 0.78303 , 
0.00193649 , 0.00290474 , 0.00290474 , 0.0281713 , 0.00290474 , 0.0721818 , 0.115708 , 0.180078 , 0.59321 , 
0.000515153 , 0.000515153 , 0.00206061 , 0.00206061 , 0.00206061 , 0.00206061 , 0.12791 , 0.239585 , 0.623233 , 
0 , 0 , 0 , 0 , 0 , 0 , 0 , 0 , 0 , 
0 , 0 , 0 , 0 , 0 , 0 , 0 , 0 , 0 , 
0 , 0 , 0 , 0 , 0 , 0 , 0 , 0 , 0 , 
8.82781e-05 , 0.000132417 , 0.00226965 , 0.00719253 , 0.0162034 , 0.0268283 , 0.0614483 , 0.167793 , 0.718044 , 
0.00133829 , 0.00267658 , 0.00401487 , 0.0626239 , 0.0722855 , 0.0918595 , 0.140186 , 0.194364 , 0.430651 , 
0.00168005 , 0.00672021 , 0.00672021 , 0.00672021 , 0.0134404 , 0.0134404 , 0.0201606 , 0.314498 , 0.61662 , 
0.00148258 , 0.00370645 , 0.00370645 , 0.0148258 , 0.0148258 , 0.0148258 , 0.0296516 , 0.0444774 , 0.872498 , 
0.00784251 , 0.00784251 , 0.015685 , 0.015685 , 0.015685 , 0.0235275 , 0.0235275 , 0.381193 , 0.509011 , 
0 , 0 , 0 , 0 , 0 , 0 , 0 , 0 , 0 , 
0.00198336 , 0.00396671 , 0.00396671 , 0.00595007 , 0.00595007 , 0.10175 , 0.221988 , 0.239036 , 0.41541 , 
0.00134909 , 0.00134909 , 0.037137 , 0.0660415 , 0.0718471 , 0.0976443 , 0.132906 , 0.269481 , 0.322245 , 
8.82784e-05 , 0.000176557 , 0.000264835 , 0.000264835 , 0.004204 , 0.00661185 , 0.00915062 , 0.0891622 , 0.890077 , 
0 , 0 , 0 , 0 , 0 , 0 , 0 , 0 , 0 , 
0.0208735 , 0.0352906 , 0.046128 , 0.0508634 , 0.0745836 , 0.0978937 , 0.126391 , 0.182213 , 0.365763 , 
0.000595803 , 0.00238321 , 0.00476642 , 0.00476642 , 0.00714964 , 0.120933 , 0.162867 , 0.250986 , 0.445552 , 
0.000271711 , 0.000679277 , 0.000679277 , 0.000679277 , 0.00271711 , 0.00271711 , 0.00543422 , 0.117068 , 0.869754 , 
0.0012869 , 0.00514761 , 0.00514761 , 0.0102952 , 0.0154428 , 0.0154428 , 0.0154428 , 0.252912 , 0.678882 , 
0.111111 , 0.111111 , 0.111111 , 0.111111 , 0.111111 , 0.111111 , 0.111111 , 0.111111 , 0.111111 , 
1.3795e-06 , 1.3795e-05 , 4.1385e-05 , 0.000497513 , 0.000673771 , 0.00273542 , 0.0102715 , 0.0481048 , 0.93766 , 
0 , 0 , 0 , 0 , 0 , 0 , 0 , 0 , 0 , 
0 , 0 , 0 , 0 , 0 , 0 , 0 , 0 , 0 , 
0.000346588 , 0.000346588 , 0.000693176 , 0.00103976 , 0.0156449 , 0.0240474 , 0.0509139 , 0.182272 , 0.724696 , 
0.000161423 , 0.000645691 , 0.00129138 , 0.00193707 , 0.023858 , 0.0331878 , 0.0747364 , 0.14792 , 0.716262 , 
0.0151515 , 0.0151515 , 0.0606061 , 0.0606061 , 0.121212 , 0.181818 , 0.181818 , 0.181818 , 0.181818 , 
0.00194927 , 0.00194927 , 0.00517051 , 0.00517051 , 0.0057358 , 0.0057358 , 0.0057358 , 0.484277 , 0.484277 , 
0.00102685 , 0.00102685 , 0.00410741 , 0.00821481 , 0.00821481 , 0.0123222 , 0.199077 , 0.291132 , 0.474878 , 
0 , 0 , 0 , 0 , 0 , 0 , 0 , 0 , 0 , 
0 , 0 , 0 , 0 , 0 , 0 , 0 , 0 , 0 , 
0 , 0 , 0 , 0 , 0 , 0 , 0 , 0 , 0 , 
0.00663611 , 0.00663611 , 0.00663611 , 0.00995416 , 0.00995416 , 0.00995416 , 0.189105 , 0.261446 , 0.499678 , 
0.00184108 , 0.00305394 , 0.00996058 , 0.00996058 , 0.0140033 , 0.0411732 , 0.0411732 , 0.15998 , 0.718854 , 
0.111111 , 0.111111 , 0.111111 , 0.111111 , 0.111111 , 0.111111 , 0.111111 , 0.111111 , 0.111111 , 
0.111111 , 0.111111 , 0.111111 , 0.111111 , 0.111111 , 0.111111 , 0.111111 , 0.111111 , 0.111111 , 
0 , 0 , 0 , 0 , 0 , 0 , 0 , 0 , 0 , 
0.00084058 , 0.00168116 , 0.00252174 , 0.0407236 , 0.0616071 , 0.0868984 , 0.13623 , 0.237217 , 0.43228 , 
0.00219324 , 0.00219324 , 0.00877295 , 0.00877295 , 0.0175459 , 0.0175459 , 0.0175459 , 0.0263189 , 0.899111 , 
4.58629e-05 , 9.17259e-05 , 0.000137589 , 0.00463425 , 0.00812332 , 0.01546 , 0.068322 , 0.189349 , 0.713836 , 
0.000607519 , 0.00121504 , 0.00121504 , 0.00182256 , 0.0381687 , 0.047465 , 0.0922005 , 0.137382 , 0.679923 , 
0 , 0 , 0 , 0 , 0 , 0 , 0 , 0 , 0 , 
0.00130196 , 0.00130196 , 0.00130196 , 0.00130196 , 0.00520784 , 0.00520784 , 0.0104157 , 0.0156235 , 0.958337 , 
0 , 0 , 0 , 0 , 0 , 0 , 0 , 0 , 0 , 
0.000608627 , 0.00121725 , 0.00121725 , 0.00182588 , 0.037553 , 0.0527839 , 0.0671309 , 0.136087 , 0.701576 , 
0.000783166 , 0.00313266 , 0.00626533 , 0.00939799 , 0.00939799 , 0.00939799 , 0.00939799 , 0.00939799 , 0.942829 , 
0.00123581 , 0.00123581 , 0.00123581 , 0.00308953 , 0.00308953 , 0.00308953 , 0.0123581 , 0.0123581 , 0.962308 , 
0 , 0 , 0 , 0 , 0 , 0 , 0 , 0 , 0 , 
0 , 0 , 0 , 0 , 0 , 0 , 0 , 0 , 0 , 
0.00984436 , 0.0166795 , 0.0306825 , 0.0359986 , 0.0392392 , 0.0428999 , 0.0622144 , 0.238905 , 0.523537 , 
0.000553178 , 0.000553178 , 0.015131 , 0.0260339 , 0.0330381 , 0.0473226 , 0.0651429 , 0.104338 , 0.707887 , 
2.60141e-94 , 5.41243e-85 , 5.32358e-75 , 4.02821e-65 , 6.26743e-56 , 6.54322e-45 , 7.5082e-35 , 6.019e-19 , 1 , 
0.00793651 , 0.0198413 , 0.0198413 , 0.0793651 , 0.0793651 , 0.15873 , 0.15873 , 0.238095 , 0.238095 , 
0.0194175 , 0.0194175 , 0.0194175 , 0.0194175 , 0.0485437 , 0.0485437 , 0.0485437 , 0.194175 , 0.582524 , 
0 , 0 , 0 , 0 , 0 , 0 , 0 , 0 , 0 , 
0.000149454 , 0.000149454 , 0.000298909 , 0.000298909 , 0.000448363 , 0.012577 , 0.0373124 , 0.176189 , 0.772577 , 
0.000261738 , 0.000785215 , 0.00884019 , 0.011266 , 0.0170857 , 0.0315635 , 0.0654249 , 0.137705 , 0.727068 , 
4.54547e-05 , 4.54547e-05 , 0.000181819 , 0.00853221 , 0.022651 , 0.0340202 , 0.0637074 , 0.159971 , 0.710845 , 
0.000482629 , 0.00120657 , 0.00482629 , 0.00482629 , 0.00965258 , 0.0144789 , 0.0144789 , 0.283773 , 0.666275 , 
3.41347e-05 , 0.000887702 , 0.00162885 , 0.00213946 , 0.00519099 , 0.0126512 , 0.0283297 , 0.0924312 , 0.856707 , 
0.0185185 , 0.0185185 , 0.0740741 , 0.0740741 , 0.0740741 , 0.148148 , 0.148148 , 0.222222 , 0.222222 , 
0.000539804 , 0.0139964 , 0.023202 , 0.0429948 , 0.0638333 , 0.0737307 , 0.116772 , 0.200442 , 0.46449 , 
0.0192308 , 0.0192308 , 0.0480769 , 0.0480769 , 0.0480769 , 0.0480769 , 0.192308 , 0.192308 , 0.384615 , 
0.00348445 , 0.00465212 , 0.00607865 , 0.0178908 , 0.0262327 , 0.027418 , 0.0392214 , 0.0915951 , 0.783427 , 
4.9713e-07 , 4.9713e-07 , 4.9713e-07 , 4.9713e-07 , 0.2 , 0.2 , 0.2 , 0.2 , 0.2 , 
0.000544275 , 0.000544275 , 0.000816412 , 0.000816412 , 0.000816412 , 0.000816412 , 0.0145457 , 0.0192475 , 0.961853 , 
0.111111 , 0.111111 , 0.111111 , 0.111111 , 0.111111 , 0.111111 , 0.111111 , 0.111111 , 0.111111 , 
0.000597304 , 0.0160339 , 0.0231893 , 0.0334394 , 0.0505815 , 0.0659599 , 0.10859 , 0.203606 , 0.498003 , 
0.0010659 , 0.00266475 , 0.00266475 , 0.00266475 , 0.010659 , 0.010659 , 0.021318 , 0.319587 , 0.628717 , 
0.000937637 , 0.000937637 , 0.00375055 , 0.00375055 , 0.0075011 , 0.0075011 , 0.0112516 , 0.269019 , 0.69535 , 
0.00117443 , 0.00117443 , 0.00469771 , 0.00939542 , 0.00939542 , 0.0140931 , 0.0140931 , 0.319514 , 0.626462 , 
7.75567e-05 , 7.75567e-05 , 0.000310227 , 0.00093068 , 0.0144644 , 0.020019 , 0.144513 , 0.204085 , 0.615522 , 
0.016129 , 0.016129 , 0.0645161 , 0.0645161 , 0.129032 , 0.129032 , 0.193548 , 0.193548 , 0.193548 , 
0.000609678 , 0.00609678 , 0.00609678 , 0.00609678 , 0.0121936 , 0.0121936 , 0.0182903 , 0.320222 , 0.6182 , 
0 , 0 , 0 , 0 , 0 , 0 , 0 , 0 , 0 , 
0.000857003 , 0.000857003 , 0.00342801 , 0.00342801 , 0.00685603 , 0.00685603 , 0.198997 , 0.353213 , 0.425508 , 
0.0121384 , 0.0147062 , 0.0195013 , 0.0201893 , 0.020403 , 0.0274995 , 0.0517155 , 0.24139 , 0.592456 , 
0.000576589 , 0.00230636 , 0.00461271 , 0.00461271 , 0.00691907 , 0.13716 , 0.195151 , 0.26165 , 0.387012 , 
1.9255e-05 , 2.88825e-05 , 0.00063672 , 0.000876118 , 0.0217035 , 0.0357966 , 0.141987 , 0.162887 , 0.636065 , 
