0.00114034 , 0.00114034 , 0.00114034 , 0.00285086 , 0.00285086 , 0.0114034 , 0.0114034 , 0.0228068 , 0.945264 , 
0.00219604 , 0.00219604 , 0.0123324 , 0.0123324 , 0.0668876 , 0.0668876 , 0.0668876 , 0.38514 , 0.38514 , 
0.00024395 , 0.00024395 , 0.000609875 , 0.000609875 , 0.0024395 , 0.0073185 , 0.11715 , 0.266282 , 0.605102 , 
0.000659863 , 0.00164966 , 0.00164966 , 0.00659863 , 0.00659863 , 0.00659863 , 0.0131973 , 0.265066 , 0.697981 , 
0.000156843 , 0.000392107 , 0.000392107 , 0.00156843 , 0.00313686 , 0.0571796 , 0.0964162 , 0.213613 , 0.627144 , 
0.00921659 , 0.0230415 , 0.0230415 , 0.0230415 , 0.0921659 , 0.0921659 , 0.184332 , 0.276498 , 0.276498 , 
0.000549076 , 0.00137269 , 0.00137269 , 0.00549076 , 0.0109815 , 0.0164723 , 0.156627 , 0.266939 , 0.540196 , 
0.000246255 , 0.000246255 , 0.00197004 , 0.00197004 , 0.00295506 , 0.00295506 , 0.0598792 , 0.118798 , 0.81098 , 
0.0219839 , 0.0307995 , 0.03249 , 0.0383298 , 0.044842 , 0.0571415 , 0.0864148 , 0.146633 , 0.541365 , 
0.000962892 , 0.000962892 , 0.00385157 , 0.00770314 , 0.00770314 , 0.0115547 , 0.180773 , 0.236244 , 0.550245 , 
0.01279 , 0.0293948 , 0.0375835 , 0.0594004 , 0.0714525 , 0.0836974 , 0.13111 , 0.204028 , 0.370544 , 
0.000569385 , 0.000569385 , 0.00227754 , 0.00683262 , 0.0581658 , 0.0913833 , 0.129073 , 0.197915 , 0.513214 , 
0.00117441 , 0.00117441 , 0.00117441 , 0.00293602 , 0.00293602 , 0.0117441 , 0.0117441 , 0.0234882 , 0.943628 , 
5.05262e-05 , 0.00623588 , 0.0112476 , 0.0116762 , 0.0150127 , 0.0189409 , 0.0574667 , 0.140316 , 0.739054 , 
0.00561505 , 0.00787032 , 0.00859998 , 0.0116257 , 0.016913 , 0.023196 , 0.0870004 , 0.184976 , 0.654204 , 
0.000251936 , 0.000503872 , 0.000755808 , 0.0116855 , 0.0199554 , 0.0412423 , 0.09169 , 0.195836 , 0.63808 , 
0 , 0 , 0 , 0 , 0 , 0 , 0 , 0 , 0 , 
0.000859896 , 0.00343958 , 0.00687917 , 0.00687917 , 0.0103187 , 0.0103187 , 0.206321 , 0.276065 , 0.478919 , 
0.00106858 , 0.00427432 , 0.00854864 , 0.00854864 , 0.00854864 , 0.012823 , 0.21703 , 0.2925 , 0.446658 , 
0.00106796 , 0.00160194 , 0.00160194 , 0.00160194 , 0.0367829 , 0.0530289 , 0.0869611 , 0.261082 , 0.556271 , 
0.0112994 , 0.0282486 , 0.0282486 , 0.0282486 , 0.112994 , 0.112994 , 0.112994 , 0.225989 , 0.338983 , 
0.000196657 , 0.000294985 , 0.00453342 , 0.00971876 , 0.018888 , 0.0294261 , 0.0757381 , 0.150191 , 0.711013 , 
8.07978e-05 , 0.000161596 , 0.000242393 , 0.00407376 , 0.00459299 , 0.00694329 , 0.00869371 , 0.184335 , 0.790876 , 
0.00029638 , 0.00118552 , 0.00237104 , 0.00355656 , 0.00355656 , 0.0553852 , 0.0856536 , 0.263512 , 0.584483 , 
0.00011999 , 0.00023998 , 0.00602126 , 0.0106608 , 0.0226266 , 0.0573984 , 0.120066 , 0.197095 , 0.585772 , 
0.00113836 , 0.00170754 , 0.0334121 , 0.0490777 , 0.0707786 , 0.100824 , 0.141707 , 0.2123 , 0.389055 , 
0.111111 , 0.111111 , 0.111111 , 0.111111 , 0.111111 , 0.111111 , 0.111111 , 0.111111 , 0.111111 , 
0.000594268 , 0.0179944 , 0.026297 , 0.0446424 , 0.0676166 , 0.101751 , 0.114963 , 0.187464 , 0.438678 , 
0.000812522 , 0.000812522 , 0.00162504 , 0.00243757 , 0.0270575 , 0.0517713 , 0.084633 , 0.169991 , 0.66086 , 
4.05096e-05 , 0.000101274 , 0.000405096 , 0.00121529 , 0.00121529 , 0.00121529 , 0.105601 , 0.198019 , 0.692187 , 
2.11085e-05 , 5.27714e-05 , 0.000633256 , 0.000633256 , 0.0186528 , 0.0293902 , 0.0513748 , 0.182325 , 0.716917 , 
2.98431e-06 , 0.000121997 , 0.000121997 , 0.000308309 , 0.000415376 , 0.000415376 , 0.00386034 , 0.00386034 , 0.990893 , 
0.00419171 , 0.0105792 , 0.013172 , 0.0279329 , 0.0616058 , 0.0762136 , 0.103044 , 0.191977 , 0.511284 , 
0.0013315 , 0.0013315 , 0.00332876 , 0.00332876 , 0.013315 , 0.013315 , 0.013315 , 0.0399451 , 0.910789 , 
0.00357536 , 0.00357536 , 0.00715072 , 0.00715072 , 0.0107261 , 0.0107261 , 0.0107261 , 0.375216 , 0.571154 , 
0.000442615 , 0.000442615 , 0.00088523 , 0.00088523 , 0.00132785 , 0.0264204 , 0.0397029 , 0.156538 , 0.773355 , 
0.0384615 , 0.0384615 , 0.0384615 , 0.0384615 , 0.0384615 , 0.0384615 , 0.153846 , 0.307692 , 0.307692 , 
0.0056612 , 0.029153 , 0.0395024 , 0.0431597 , 0.0837943 , 0.10757 , 0.181297 , 0.250657 , 0.259205 , 
0.111111 , 0.111111 , 0.111111 , 0.111111 , 0.111111 , 0.111111 , 0.111111 , 0.111111 , 0.111111 , 
4.47508e-06 , 4.47508e-06 , 1.25519e-05 , 1.25519e-05 , 3.44946e-05 , 3.44946e-05 , 3.44946e-05 , 0.499931 , 0.499931 , 
0.0416667 , 0.0833333 , 0.125 , 0.125 , 0.125 , 0.125 , 0.125 , 0.125 , 0.125 , 
0.00124858 , 0.00124858 , 0.00499431 , 0.00499431 , 0.00998862 , 0.00998862 , 0.0149829 , 0.331125 , 0.621429 , 
0.0114943 , 0.0114943 , 0.0287356 , 0.0287356 , 0.114943 , 0.114943 , 0.114943 , 0.229885 , 0.344828 , 
0.00018041 , 0.000721641 , 0.00144328 , 0.00216492 , 0.0333445 , 0.0665688 , 0.112962 , 0.226904 , 0.55571 , 
0.00169772 , 0.0042443 , 0.0042443 , 0.0169772 , 0.0169772 , 0.0169772 , 0.0339544 , 0.0339544 , 0.870973 , 
0.00180355 , 0.00180355 , 0.00180355 , 0.00450886 , 0.0180355 , 0.0180355 , 0.0180355 , 0.0360709 , 0.899903 , 
0.00061637 , 0.00246548 , 0.00246548 , 0.00493096 , 0.00739644 , 0.121853 , 0.169012 , 0.244263 , 0.446997 , 
0.000413286 , 0.00123986 , 0.0190014 , 0.0445938 , 0.0714886 , 0.0930863 , 0.138736 , 0.210889 , 0.420551 , 
0 , 0 , 0 , 0 , 0 , 0 , 0 , 0 , 0 , 
0.0769231 , 0.115385 , 0.115385 , 0.115385 , 0.115385 , 0.115385 , 0.115385 , 0.115385 , 0.115385 , 
0.00140641 , 0.00210961 , 0.0414881 , 0.0531598 , 0.0723827 , 0.103161 , 0.140047 , 0.248725 , 0.337519 , 
0.00464657 , 0.00464657 , 0.00464657 , 0.0139397 , 0.0139397 , 0.0139397 , 0.0139397 , 0.305591 , 0.62471 , 
0.000557615 , 0.00111523 , 0.00167284 , 0.0261436 , 0.0369922 , 0.0564597 , 0.104469 , 0.14619 , 0.626399 , 
0.00606718 , 0.00910076 , 0.00910076 , 0.0776427 , 0.0992899 , 0.124964 , 0.159816 , 0.209529 , 0.30449 , 
0.0199189 , 0.0284155 , 0.037901 , 0.0473951 , 0.0835496 , 0.0934863 , 0.177029 , 0.180312 , 0.331993 , 
0.000142216 , 0.000355539 , 0.00142216 , 0.00284431 , 0.00426647 , 0.00426647 , 0.0859251 , 0.146538 , 0.75424 , 
0.0416667 , 0.0833333 , 0.125 , 0.125 , 0.125 , 0.125 , 0.125 , 0.125 , 0.125 , 
0.00191997 , 0.00191997 , 0.00191997 , 0.00479991 , 0.0191997 , 0.0383993 , 0.210119 , 0.263197 , 0.458525 , 
0.111111 , 0.111111 , 0.111111 , 0.111111 , 0.111111 , 0.111111 , 0.111111 , 0.111111 , 0.111111 , 
0.000231987 , 0.000347981 , 0.0084721 , 0.0152652 , 0.0168452 , 0.024209 , 0.040253 , 0.0645038 , 0.829872 , 
0.000408293 , 0.000408293 , 0.00163317 , 0.00163317 , 0.00163317 , 0.00163317 , 0.00326635 , 0.0869127 , 0.902472 , 
0.0122647 , 0.0299589 , 0.0328108 , 0.0586202 , 0.065197 , 0.0693705 , 0.106119 , 0.160067 , 0.465591 , 
0.00106814 , 0.00106814 , 0.0390463 , 0.0588069 , 0.0767554 , 0.0849017 , 0.128876 , 0.197846 , 0.411631 , 
0.0165289 , 0.0165289 , 0.0165289 , 0.0413223 , 0.0413223 , 0.0413223 , 0.165289 , 0.165289 , 0.495868 , 
0.00659532 , 0.00956085 , 0.0136896 , 0.0232905 , 0.0401967 , 0.0506624 , 0.0767794 , 0.194887 , 0.584338 , 
0.030303 , 0.030303 , 0.030303 , 0.0757576 , 0.0757576 , 0.0757576 , 0.0757576 , 0.30303 , 0.30303 , 
0.000148446 , 0.00389807 , 0.00640109 , 0.00759986 , 0.0125124 , 0.0291411 , 0.0559181 , 0.192238 , 0.692142 , 
6.67903e-05 , 6.67903e-05 , 6.67903e-05 , 0.0295041 , 0.0295041 , 0.0295041 , 0.303762 , 0.303762 , 0.303762 , 
0.0454545 , 0.0454545 , 0.0454545 , 0.0454545 , 0.0454545 , 0.0454545 , 0.181818 , 0.181818 , 0.363636 , 
0.000321584 , 0.00080396 , 0.00080396 , 0.00321584 , 0.00643168 , 0.00964752 , 0.00964752 , 0.226578 , 0.74255 , 
0.000108798 , 0.000415088 , 0.000450094 , 0.00101433 , 0.00252875 , 0.0417474 , 0.138844 , 0.176049 , 0.638843 , 
0.00151896 , 0.0358917 , 0.0498229 , 0.060312 , 0.0645914 , 0.0850802 , 0.116822 , 0.154721 , 0.431239 , 
0.00725732 , 0.0124582 , 0.027542 , 0.0277608 , 0.0470285 , 0.0608116 , 0.0786977 , 0.183022 , 0.555422 , 
0.00058584 , 0.00116741 , 0.00116741 , 0.0013915 , 0.0013915 , 0.00237174 , 0.00237174 , 0.494776 , 0.494776 , 
0.00411304 , 0.00411304 , 0.00411304 , 0.00411304 , 0.19671 , 0.19671 , 0.19671 , 0.19671 , 0.19671 , 
0.00229656 , 0.00229656 , 0.00229656 , 0.00229656 , 0.198163 , 0.198163 , 0.198163 , 0.198163 , 0.198163 , 
0.00771109 , 0.0127844 , 0.0142983 , 0.0189133 , 0.032929 , 0.0415945 , 0.0629238 , 0.256359 , 0.552486 , 
0.000204862 , 0.000512156 , 0.00204862 , 0.00409725 , 0.00409725 , 0.00614587 , 0.10134 , 0.148909 , 0.732645 , 
0.00171692 , 0.00311487 , 0.00343632 , 0.00455879 , 0.00642943 , 0.0229048 , 0.0331856 , 0.0644871 , 0.860166 , 
0.00019515 , 0.000487876 , 0.000487876 , 0.0019515 , 0.00390301 , 0.00390301 , 0.00585451 , 0.221049 , 0.762168 , 
0.0153846 , 0.0615385 , 0.0615385 , 0.0615385 , 0.123077 , 0.123077 , 0.184615 , 0.184615 , 0.184615 , 
0.00127359 , 0.00191039 , 0.0355006 , 0.0519553 , 0.068194 , 0.0949607 , 0.149035 , 0.21246 , 0.38471 , 
6.86608e-05 , 0.000274643 , 0.000549286 , 0.000549286 , 0.00082393 , 0.0316002 , 0.0575033 , 0.194421 , 0.71421 , 
0.00144019 , 0.00144019 , 0.00144019 , 0.00360048 , 0.00360048 , 0.0144019 , 0.0432057 , 0.0432057 , 0.887665 , 
0.000255907 , 0.000255907 , 0.00038386 , 0.00038386 , 0.0190056 , 0.0563825 , 0.0855051 , 0.136885 , 0.700942 , 
0.0165289 , 0.0165289 , 0.0165289 , 0.0413223 , 0.0413223 , 0.0413223 , 0.165289 , 0.165289 , 0.495868 , 
0.0123457 , 0.0308642 , 0.0308642 , 0.0308642 , 0.0308642 , 0.123457 , 0.123457 , 0.246914 , 0.37037 , 
0.000274562 , 0.000711544 , 0.00172809 , 0.00327194 , 0.0045697 , 0.00724692 , 0.0103832 , 0.0901099 , 0.881704 , 
5.34614e-05 , 0.000213846 , 0.000213846 , 0.000427691 , 0.0151547 , 0.0199168 , 0.054446 , 0.164766 , 0.744807 , 
0.000465454 , 0.000465454 , 0.00186182 , 0.00186182 , 0.00372363 , 0.00558545 , 0.0960402 , 0.231119 , 0.658877 , 
0.000443919 , 0.0011098 , 0.0011098 , 0.00443919 , 0.00443919 , 0.00887838 , 0.0133176 , 0.210582 , 0.75568 , 
0.00140066 , 0.00140066 , 0.00350164 , 0.00350164 , 0.0140066 , 0.0140066 , 0.0280132 , 0.0280132 , 0.906156 , 
0.000433978 , 0.000433978 , 0.00173591 , 0.00520774 , 0.00520774 , 0.0791866 , 0.114422 , 0.252629 , 0.540743 , 
0.0040723 , 0.0040723 , 0.0081446 , 0.0081446 , 0.0081446 , 0.0122169 , 0.165522 , 0.260856 , 0.528827 , 
0.000458673 , 0.00183469 , 0.00183469 , 0.00366938 , 0.00366938 , 0.00550408 , 0.126564 , 0.148477 , 0.707988 , 
0 , 0 , 0 , 0 , 0 , 0 , 0 , 0 , 0 , 
0 , 0 , 0 , 0 , 0 , 0 , 0 , 0 , 0 , 
0.000224138 , 0.0017931 , 0.0017931 , 0.00268965 , 0.00268965 , 0.0405707 , 0.0537297 , 0.22122 , 0.67529 , 
9.73261e-05 , 0.000243315 , 0.000243315 , 0.000973261 , 0.000973261 , 0.0454755 , 0.0679039 , 0.210352 , 0.673739 , 
0.0026262 , 0.0026262 , 0.0052524 , 0.0078786 , 0.0078786 , 0.0078786 , 0.0078786 , 0.220592 , 0.737389 , 
0.00190824 , 0.00190824 , 0.00763298 , 0.015266 , 0.015266 , 0.0228989 , 0.20388 , 0.302131 , 0.429109 , 
0 , 0 , 0 , 0 , 0 , 0 , 0 , 0 , 0 , 
0.0769231 , 0.115385 , 0.115385 , 0.115385 , 0.115385 , 0.115385 , 0.115385 , 0.115385 , 0.115385 , 
0.00031781 , 0.000476716 , 0.00672493 , 0.0133368 , 0.0377825 , 0.0502741 , 0.169204 , 0.227843 , 0.494039 , 
0.111111 , 0.111111 , 0.111111 , 0.111111 , 0.111111 , 0.111111 , 0.111111 , 0.111111 , 0.111111 , 
0.000892914 , 0.00133937 , 0.0238641 , 0.0379094 , 0.0575851 , 0.0800304 , 0.121552 , 0.241507 , 0.435319 , 
0.00173539 , 0.00347078 , 0.00520617 , 0.00520617 , 0.0956502 , 0.11366 , 0.150517 , 0.254111 , 0.370443 , 
8.30485e-05 , 8.30485e-05 , 8.30485e-05 , 0.000332194 , 0.000996582 , 0.000996582 , 0.0334012 , 0.141145 , 0.822879 , 
1.33068e-06 , 2.66136e-06 , 3.99204e-06 , 6.63354e-05 , 0.000146005 , 0.000176268 , 0.000374801 , 0.00136176 , 0.997867 , 
0 , 0 , 0 , 0 , 0 , 0 , 0 , 0 , 0 , 
0.111111 , 0.111111 , 0.111111 , 0.111111 , 0.111111 , 0.111111 , 0.111111 , 0.111111 , 0.111111 , 
0.0132049 , 0.017599 , 0.0226362 , 0.0507613 , 0.065606 , 0.152003 , 0.1709 , 0.187447 , 0.319843 , 
0.00186137 , 0.00186137 , 0.00186137 , 0.00744548 , 0.00744548 , 0.014891 , 0.0223364 , 0.0223364 , 0.919961 , 
0.000251345 , 0.000251345 , 0.00201076 , 0.00301614 , 0.00301614 , 0.0532245 , 0.0780355 , 0.147585 , 0.712609 , 
0.01811 , 0.0222395 , 0.0256804 , 0.0283578 , 0.0338818 , 0.0682504 , 0.0802208 , 0.178476 , 0.544784 , 
0.000540842 , 0.00389055 , 0.00431904 , 0.0110089 , 0.0168317 , 0.0334921 , 0.0842603 , 0.202178 , 0.643479 , 
0.000302193 , 0.0112283 , 0.0171724 , 0.0229439 , 0.0457662 , 0.0877825 , 0.126792 , 0.216439 , 0.471574 , 
0.111111 , 0.111111 , 0.111111 , 0.111111 , 0.111111 , 0.111111 , 0.111111 , 0.111111 , 0.111111 , 
0.000556119 , 0.0162062 , 0.0227043 , 0.0358674 , 0.0608781 , 0.105938 , 0.136623 , 0.195282 , 0.425945 , 
0.000228633 , 0.000577299 , 0.000577299 , 0.000873681 , 0.00211321 , 0.00211321 , 0.00296419 , 0.00296419 , 0.987588 , 
0.000983282 , 0.0121613 , 0.0183579 , 0.0295313 , 0.0407456 , 0.0589294 , 0.100958 , 0.201959 , 0.536374 , 
0.0172414 , 0.0172414 , 0.0689655 , 0.0689655 , 0.0689655 , 0.137931 , 0.206897 , 0.206897 , 0.206897 , 
0.0434783 , 0.0869565 , 0.0869565 , 0.130435 , 0.130435 , 0.130435 , 0.130435 , 0.130435 , 0.130435 , 
0.00570595 , 0.00570595 , 0.00570595 , 0.00570595 , 0.00570595 , 0.00570595 , 0.199497 , 0.28486 , 0.481407 , 
0.0103093 , 0.0103093 , 0.0257732 , 0.0257732 , 0.103093 , 0.103093 , 0.206186 , 0.206186 , 0.309278 , 
0.00122697 , 0.00173246 , 0.00303571 , 0.00942526 , 0.017159 , 0.0345941 , 0.0942559 , 0.280721 , 0.55785 , 
0.111111 , 0.111111 , 0.111111 , 0.111111 , 0.111111 , 0.111111 , 0.111111 , 0.111111 , 0.111111 , 
0.000483153 , 0.000724729 , 0.0156722 , 0.0216034 , 0.033058 , 0.0436494 , 0.0845435 , 0.170228 , 0.630037 , 
6.17249e-05 , 6.17249e-05 , 6.17249e-05 , 6.17249e-05 , 0.199951 , 0.199951 , 0.199951 , 0.199951 , 0.199951 , 
0 , 0 , 0 , 0 , 0 , 0 , 0 , 0 , 0 , 
0.00116353 , 0.00116353 , 0.00116353 , 0.0046541 , 0.0046541 , 0.0093082 , 0.0139623 , 0.243454 , 0.720477 , 
0.00129629 , 0.0226972 , 0.0306666 , 0.0341252 , 0.0626624 , 0.0979045 , 0.10179 , 0.157636 , 0.491221 , 
0.000299455 , 0.000299455 , 0.000748637 , 0.000748637 , 0.000748637 , 0.00898364 , 0.0851179 , 0.209647 , 0.693407 , 
7.73278e-05 , 0.0030063 , 0.0030063 , 0.00368775 , 0.00368775 , 0.0229979 , 0.0229979 , 0.470269 , 0.470269 , 
0.00428701 , 0.00677591 , 0.00861772 , 0.0105079 , 0.0167361 , 0.017063 , 0.0305331 , 0.0750746 , 0.830405 , 
0.000701906 , 0.00213235 , 0.00262357 , 0.00481258 , 0.0154024 , 0.030066 , 0.069767 , 0.326101 , 0.548393 , 
0.000314831 , 0.00251865 , 0.00377797 , 0.00377797 , 0.061643 , 0.0828518 , 0.138866 , 0.214077 , 0.492172 , 
0.00371917 , 0.00371917 , 0.00371917 , 0.00371917 , 0.00371917 , 0.00929791 , 0.0371917 , 0.82334 , 0.111575 , 
0.000413836 , 0.00124151 , 0.0211806 , 0.0289629 , 0.0522343 , 0.0806299 , 0.124379 , 0.175952 , 0.515006 , 
0.000685636 , 0.000685636 , 0.00137127 , 0.00205691 , 0.0361721 , 0.0547635 , 0.0942497 , 0.228062 , 0.581954 , 
0.0656927 , 0.0656927 , 0.0656927 , 0.0656927 , 0.147446 , 0.147446 , 0.147446 , 0.147446 , 0.147446 , 
6.32949e-05 , 0.00209231 , 0.00547947 , 0.00547947 , 0.00699536 , 0.00802013 , 0.00802013 , 0.0212758 , 0.942574 , 
0.000616593 , 0.00246637 , 0.00493274 , 0.00739912 , 0.00739912 , 0.00739912 , 0.129303 , 0.259495 , 0.580989 , 
0.000697441 , 0.00278977 , 0.00557953 , 0.00557953 , 0.0083693 , 0.140405 , 0.180946 , 0.254074 , 0.401559 , 
8.38867e-100 , 6.73657e-88 , 2.33855e-76 , 2.36115e-67 , 7.0072e-56 , 8.40013e-46 , 2.31114e-35 , 9.7873e-20 , 1 , 
3.25347e-05 , 8.13368e-05 , 8.13368e-05 , 8.13368e-05 , 0.0263215 , 0.0334241 , 0.0720706 , 0.269215 , 0.598693 , 
0 , 0 , 0 , 0 , 0 , 0 , 0 , 0 , 0 , 
0 , 0 , 0 , 0 , 0 , 0 , 0 , 0 , 0 , 
0.000439851 , 0.00131955 , 0.0226747 , 0.0286488 , 0.0383281 , 0.0866541 , 0.128202 , 0.247658 , 0.446075 , 
0.00048775 , 0.00048775 , 0.00048775 , 0.001951 , 0.001951 , 0.003902 , 0.005853 , 0.162234 , 0.822646 , 
0.0112639 , 0.0112639 , 0.0168958 , 0.0168958 , 0.0168958 , 0.0168958 , 0.274633 , 0.301599 , 0.333657 , 
0.0333333 , 0.0333333 , 0.0333333 , 0.0333333 , 0.0333333 , 0.0833333 , 0.0833333 , 0.333333 , 0.333333 , 
0.000298056 , 0.00130181 , 0.00130181 , 0.00174301 , 0.00174301 , 0.00595932 , 0.00595932 , 0.490847 , 0.490847 , 
0.00159842 , 0.00159842 , 0.00159842 , 0.00159842 , 0.00399605 , 0.0159842 , 0.0159842 , 0.0479526 , 0.909689 , 
0.000278537 , 0.00111415 , 0.00111415 , 0.00111415 , 0.0022283 , 0.0433669 , 0.0882695 , 0.238009 , 0.624505 , 
0.0136986 , 0.0547945 , 0.0547945 , 0.109589 , 0.109589 , 0.164384 , 0.164384 , 0.164384 , 0.164384 , 
0.000222728 , 0.000556819 , 0.00222728 , 0.00222728 , 0.00445455 , 0.00668183 , 0.111211 , 0.176006 , 0.696413 , 
0.00126209 , 0.0283562 , 0.0331122 , 0.0652898 , 0.0893673 , 0.105878 , 0.134044 , 0.196163 , 0.346527 , 
6.1032e-05 , 0.000244128 , 0.000488256 , 0.000732384 , 0.000732384 , 0.0308909 , 0.0713526 , 0.165533 , 0.729965 , 
0.0212766 , 0.0212766 , 0.0212766 , 0.0851064 , 0.0851064 , 0.0851064 , 0.170213 , 0.255319 , 0.255319 , 
9.63524e-05 , 0.00038541 , 0.00038541 , 0.00038541 , 0.00115623 , 0.00115623 , 0.0217109 , 0.109106 , 0.865618 , 
0.00083859 , 0.00083859 , 0.00167718 , 0.00251577 , 0.0507796 , 0.0696187 , 0.12158 , 0.203057 , 0.549095 , 
0.000197834 , 0.000494584 , 0.00197834 , 0.00395667 , 0.00593501 , 0.00593501 , 0.0999447 , 0.165877 , 0.715681 , 
0.000122852 , 0.000307131 , 0.000307131 , 0.00122852 , 0.00368557 , 0.0858808 , 0.108824 , 0.157401 , 0.642242 , 
0.00233069 , 0.00349603 , 0.00349603 , 0.0599356 , 0.0807645 , 0.100384 , 0.133281 , 0.208372 , 0.40794 , 
0.00143208 , 0.019081 , 0.02803 , 0.0370592 , 0.0423488 , 0.0440459 , 0.0942579 , 0.225547 , 0.508198 , 
2.63549e-05 , 5.27098e-05 , 0.00128983 , 0.0053996 , 0.00915358 , 0.0159505 , 0.0409096 , 0.114242 , 0.812976 , 
0.000285409 , 0.000285409 , 0.000570819 , 0.000570819 , 0.00634501 , 0.00634501 , 0.00634501 , 0.489626 , 0.489626 , 
0.0027912 , 0.0111648 , 0.0111648 , 0.0111648 , 0.0111648 , 0.0223296 , 0.0334944 , 0.0334944 , 0.863231 , 
2.78684e-138 , 5.99231e-133 , 2.52998e-119 , 5.11751e-102 , 1.20428e-87 , 1.21e-69 , 7.31416e-55 , 2.91392e-28 , 1 , 
0.0114943 , 0.0114943 , 0.0287356 , 0.0287356 , 0.114943 , 0.114943 , 0.114943 , 0.229885 , 0.344828 , 
0.111111 , 0.111111 , 0.111111 , 0.111111 , 0.111111 , 0.111111 , 0.111111 , 0.111111 , 0.111111 , 
0.111111 , 0.111111 , 0.111111 , 0.111111 , 0.111111 , 0.111111 , 0.111111 , 0.111111 , 0.111111 , 
1.01859e-05 , 2.54648e-05 , 2.54648e-05 , 0.000101859 , 0.000101859 , 0.00959805 , 0.0124715 , 0.0568742 , 0.920791 , 
1.33209e-113 , 1.32889e-95 , 2.41745e-82 , 8.8449e-70 , 7.91862e-59 , 2.18067e-47 , 1.34e-34 , 1.06028e-21 , 1 , 
3.06339e-05 , 3.06339e-05 , 9.19017e-05 , 0.00282486 , 0.00441417 , 0.00919722 , 0.04389 , 0.0829199 , 0.856601 , 
0.00892077 , 0.00892077 , 0.0178415 , 0.0178415 , 0.0267623 , 0.0267623 , 0.0267623 , 0.285331 , 0.580857 , 
0 , 0 , 0 , 0 , 0 , 0 , 0 , 0 , 0 , 
8.83681e-05 , 0.00212866 , 0.0033518 , 0.00494806 , 0.0113244 , 0.0186111 , 0.0346835 , 0.10091 , 0.823954 , 
0.00843882 , 0.021097 , 0.021097 , 0.0843882 , 0.0843882 , 0.021097 , 0.253165 , 0.253165 , 0.253165 , 
0.000118379 , 0.00118379 , 0.00118379 , 0.00118379 , 0.00236758 , 0.00355137 , 0.00355137 , 0.136413 , 0.850447 , 
8.22385e-97 , 5.42333e-84 , 5.59642e-73 , 1.43625e-63 , 6.14574e-54 , 6.00232e-43 , 2.80937e-33 , 1.06073e-19 , 1 , 
0 , 0 , 0 , 0 , 0 , 0 , 0 , 0 , 0 , 
0.000854405 , 0.00137048 , 0.00249244 , 0.00704644 , 0.011072 , 0.0176758 , 0.0624161 , 0.206162 , 0.69091 , 
0.00297979 , 0.0119192 , 0.0119192 , 0.0119192 , 0.0119192 , 0.0238383 , 0.0238383 , 0.0357575 , 0.865909 , 
0.111111 , 0.111111 , 0.111111 , 0.111111 , 0.111111 , 0.111111 , 0.111111 , 0.111111 , 0.111111 , 
4.80227e-07 , 0.000527606 , 0.000527606 , 0.000557917 , 0.000557917 , 0.00205481 , 0.00205481 , 0.496859 , 0.496859 , 
0.00295952 , 0.00295952 , 0.00295952 , 0.00295952 , 0.197632 , 0.197632 , 0.197632 , 0.197632 , 0.197632 , 
0.00049629 , 0.00198516 , 0.00198516 , 0.00397032 , 0.00595548 , 0.0939918 , 0.147592 , 0.270739 , 0.473284 , 
1.46943e-126 , 1.8878e-116 , 1.22054e-104 , 1.33484e-95 , 5.11164e-83 , 1.05539e-66 , 3.07865e-46 , 2.89379e-25 , 1 , 
0.000313388 , 0.00125355 , 0.0025071 , 0.0025071 , 0.0574657 , 0.103604 , 0.15406 , 0.238743 , 0.439546 , 
0.00143492 , 0.00573969 , 0.00573969 , 0.00573969 , 0.00573969 , 0.0114794 , 0.0172191 , 0.0172191 , 0.929689 , 
0.111111 , 0.111111 , 0.111111 , 0.111111 , 0.111111 , 0.111111 , 0.111111 , 0.111111 , 0.111111 , 
0.111111 , 0.111111 , 0.111111 , 0.111111 , 0.111111 , 0.111111 , 0.111111 , 0.111111 , 0.111111 , 
0.000772477 , 0.000772477 , 0.00308991 , 0.00617982 , 0.00617982 , 0.00926972 , 0.00926972 , 0.21851 , 0.745956 , 
0.00372746 , 0.00614738 , 0.0123546 , 0.0168868 , 0.0206148 , 0.050247 , 0.119507 , 0.272396 , 0.498119 , 
9.24708e-05 , 0.000138706 , 0.00362457 , 0.00457971 , 0.0102386 , 0.0182511 , 0.0305033 , 0.126177 , 0.806394 , 
0.02 , 0.02 , 0.08 , 0.08 , 0.08 , 0.16 , 0.16 , 0.16 , 0.24 , 
0.000105366 , 0.000105366 , 0.000105366 , 0.000263416 , 0.000263416 , 0.00210733 , 0.0357962 , 0.260914 , 0.700339 , 
0 , 0 , 0 , 0 , 0 , 0 , 0 , 0 , 0 , 
0.000878559 , 0.00351423 , 0.00351423 , 0.00351423 , 0.00702847 , 0.0105427 , 0.186679 , 0.256461 , 0.527868 , 
0.111111 , 0.111111 , 0.111111 , 0.111111 , 0.111111 , 0.111111 , 0.111111 , 0.111111 , 0.111111 , 
0.000253816 , 0.00063454 , 0.00063454 , 0.00253816 , 0.00253816 , 0.00507632 , 0.00761449 , 0.189199 , 0.791511 , 
0.00115843 , 0.00231686 , 0.00231686 , 0.00347529 , 0.00347529 , 0.0776222 , 0.135524 , 0.246686 , 0.527425 , 
0 , 0 , 0 , 0 , 0 , 0 , 0 , 0 , 0 , 
0.00137112 , 0.00137112 , 0.00548448 , 0.00548448 , 0.010969 , 0.010969 , 0.0164534 , 0.281905 , 0.665992 , 
0.0434783 , 0.0869565 , 0.0869565 , 0.130435 , 0.130435 , 0.130435 , 0.130435 , 0.130435 , 0.130435 , 
9.3876e-05 , 0.000751008 , 0.00112651 , 0.00112651 , 0.0151337 , 0.0402437 , 0.0794204 , 0.171631 , 0.690473 , 
0.000945418 , 0.0171342 , 0.030155 , 0.0508727 , 0.0796276 , 0.0973903 , 0.120345 , 0.20832 , 0.39521 , 
0.00162873 , 0.00162873 , 0.00325746 , 0.0048862 , 0.0777731 , 0.112524 , 0.142415 , 0.21447 , 0.441418 , 
1.58676e-189 , 6.1229e-164 , 3.26134e-141 , 3.68657e-123 , 1.34382e-103 , 8.5824e-83 , 5.19077e-62 , 1.29753e-38 , 1 , 
0.000151877 , 0.000227815 , 0.0038577 , 0.00993643 , 0.0233874 , 0.0406406 , 0.0634805 , 0.146363 , 0.711954 , 
8.85149e-05 , 8.85149e-05 , 0.00017703 , 0.00425116 , 0.00633272 , 0.00788474 , 0.0115998 , 0.034394 , 0.935183 , 
0.00067843 , 0.00203529 , 0.00203529 , 0.00203529 , 0.00203529 , 0.038593 , 0.0510115 , 0.16935 , 0.732226 , 
0.0168067 , 0.0168067 , 0.0420168 , 0.0420168 , 0.0420168 , 0.168067 , 0.168067 , 0.168067 , 0.336134 , 
0.0235884 , 0.0390331 , 0.049077 , 0.0631553 , 0.076368 , 0.0952387 , 0.13091 , 0.183758 , 0.338872 , 
2.19149e-06 , 7.88608e-05 , 0.000314701 , 0.000322044 , 0.00109489 , 0.0035663 , 0.00367402 , 0.0105957 , 0.980351 , 
0.02 , 0.02 , 0.02 , 0.02 , 0.02 , 0.05 , 0.05 , 0.2 , 0.6 , 
0.0136986 , 0.0547945 , 0.0547945 , 0.109589 , 0.109589 , 0.164384 , 0.164384 , 0.164384 , 0.164384 , 
0.00337888 , 0.0041027 , 0.00746876 , 0.0188677 , 0.0301024 , 0.0523 , 0.0965972 , 0.28797 , 0.499212 , 
1.04463e-135 , 2.74386e-122 , 4.35503e-105 , 7.0384e-91 , 1.57257e-76 , 2.44406e-62 , 2.23687e-47 , 1.87747e-24 , 1 , 
0.0394212 , 0.0475463 , 0.0534701 , 0.0634745 , 0.0788327 , 0.0987039 , 0.122983 , 0.203549 , 0.292019 , 
0.000270868 , 0.000541736 , 0.000812604 , 0.0193044 , 0.0292139 , 0.0365716 , 0.0593694 , 0.110347 , 0.743568 , 
0.03125 , 0.03125 , 0.03125 , 0.03125 , 0.125 , 0.125 , 0.125 , 0.25 , 0.25 , 
0.0416667 , 0.0833333 , 0.125 , 0.125 , 0.125 , 0.125 , 0.125 , 0.125 , 0.125 , 
0.000908546 , 0.00181709 , 0.00272564 , 0.0441305 , 0.0615374 , 0.107204 , 0.146292 , 0.239128 , 0.396257 , 
0.00262229 , 0.00435635 , 0.00751862 , 0.0157101 , 0.0247602 , 0.029969 , 0.04586 , 0.0891797 , 0.780024 , 
0.000600303 , 0.00180091 , 0.00180091 , 0.00180091 , 0.00180091 , 0.00180091 , 0.00180091 , 0.308747 , 0.679847 , 
0.000602657 , 0.00150664 , 0.00150664 , 0.00602657 , 0.00602657 , 0.0120531 , 0.0120531 , 0.376742 , 0.583483 , 
0.0222766 , 0.0222766 , 0.0222766 , 0.0568865 , 0.0568865 , 0.0568865 , 0.25417 , 0.25417 , 0.25417 , 
0.000674609 , 0.00539687 , 0.00809531 , 0.00809531 , 0.0722837 , 0.0768147 , 0.100486 , 0.292369 , 0.435784 , 
0.0123457 , 0.0308642 , 0.0308642 , 0.0308642 , 0.0308642 , 0.123457 , 0.123457 , 0.246914 , 0.37037 , 
0.00887045 , 0.00921297 , 0.0194826 , 0.0372688 , 0.0397585 , 0.0684462 , 0.233323 , 0.254783 , 0.328855 , 
0.000979406 , 0.00195881 , 0.00195881 , 0.00195881 , 0.00293822 , 0.0519819 , 0.08114 , 0.119031 , 0.738053 , 
3.33012e-07 , 3.33012e-07 , 3.33012e-07 , 0.00027485 , 0.00027485 , 0.00027485 , 0.333058 , 0.333058 , 0.333058 , 
0.000248973 , 0.000995892 , 0.00298767 , 0.00298767 , 0.00298767 , 0.0825317 , 0.137222 , 0.325806 , 0.444232 , 
0.000412241 , 0.000412241 , 0.000412241 , 0.0010306 , 0.00824483 , 0.00824483 , 0.0123672 , 0.226733 , 0.742143 , 
0.0151515 , 0.0151515 , 0.0606061 , 0.0606061 , 0.121212 , 0.181818 , 0.181818 , 0.181818 , 0.181818 , 
0.000145604 , 0.000145604 , 0.000582414 , 0.00116483 , 0.00174724 , 0.00174724 , 0.0590083 , 0.165984 , 0.769475 , 
0.000357636 , 0.00143055 , 0.00143055 , 0.00286109 , 0.00429164 , 0.00429164 , 0.111943 , 0.264979 , 0.608415 , 
0.000522966 , 0.00209186 , 0.00209186 , 0.00418373 , 0.00418373 , 0.00627559 , 0.136803 , 0.216492 , 0.627354 , 
9.71923e-05 , 0.000388769 , 0.000388769 , 0.000777538 , 0.00116631 , 0.0263673 , 0.046159 , 0.137757 , 0.786898 , 
0.00158998 , 0.00238496 , 0.00238496 , 0.0466869 , 0.0861532 , 0.10435 , 0.137144 , 0.204466 , 0.41484 , 
0.00264464 , 0.00264464 , 0.00396696 , 0.00396696 , 0.0643286 , 0.0984512 , 0.134204 , 0.210865 , 0.478928 , 
0.00122905 , 0.0024581 , 0.00368715 , 0.0600687 , 0.0869457 , 0.112236 , 0.160264 , 0.245208 , 0.327903 , 
0.00497648 , 0.00497648 , 0.00497648 , 0.00497648 , 0.00497648 , 0.00497648 , 0.00497648 , 0.300505 , 0.664659 , 
0.00301332 , 0.0206088 , 0.0372977 , 0.0566896 , 0.0602144 , 0.0853679 , 0.153483 , 0.261419 , 0.321906 , 
5.96068e-07 , 8.94102e-07 , 2.1071e-05 , 4.53929e-05 , 4.73156e-05 , 0.000111914 , 0.000230806 , 0.000893495 , 0.998649 , 
0.00185385 , 0.00278077 , 0.0418994 , 0.046003 , 0.0565293 , 0.0952062 , 0.131661 , 0.200516 , 0.42355 , 
0.000138994 , 0.00298711 , 0.00566095 , 0.00836238 , 0.0164298 , 0.0269286 , 0.0320216 , 0.0664085 , 0.841062 , 
0.00100813 , 0.00252032 , 0.0100813 , 0.0100813 , 0.0201625 , 0.0201625 , 0.0302438 , 0.0302438 , 0.875496 , 
0.000318011 , 0.000477017 , 0.00881368 , 0.020897 , 0.0633548 , 0.0924472 , 0.130832 , 0.173271 , 0.509589 , 
0.000445289 , 0.00111322 , 0.00445289 , 0.00890579 , 0.00890579 , 0.0133587 , 0.0133587 , 0.288115 , 0.661344 , 
0.00208271 , 0.00208271 , 0.00416543 , 0.00624814 , 0.00624814 , 0.108892 , 0.159841 , 0.266236 , 0.444203 , 
0.0166945 , 0.0166945 , 0.0166945 , 0.0166945 , 0.186644 , 0.186644 , 0.186644 , 0.186644 , 0.186644 , 
0.000512764 , 0.00205105 , 0.00205105 , 0.00410211 , 0.00410211 , 0.00615316 , 0.00615316 , 0.214263 , 0.760611 , 
9.04189e-05 , 0.000180838 , 0.00619105 , 0.0071448 , 0.00807311 , 0.00807311 , 0.01047 , 0.236573 , 0.723203 , 
0.0232558 , 0.0232558 , 0.0232558 , 0.0930233 , 0.0930233 , 0.0930233 , 0.186047 , 0.186047 , 0.27907 , 
0.0212766 , 0.0212766 , 0.0212766 , 0.0851064 , 0.0851064 , 0.0851064 , 0.170213 , 0.255319 , 0.255319 , 
0.00113156 , 0.00452626 , 0.0135788 , 0.0135788 , 0.0135788 , 0.0972244 , 0.104233 , 0.197658 , 0.554491 , 
0 , 0 , 0 , 0 , 0 , 0 , 0 , 0 , 0 , 
0.000684862 , 0.000684862 , 0.00136972 , 0.00205459 , 0.0357028 , 0.0601127 , 0.0787961 , 0.30061 , 0.519984 , 
0.0119684 , 0.0224264 , 0.0290319 , 0.0510932 , 0.0768949 , 0.100257 , 0.111564 , 0.211866 , 0.384899 , 
0.000830777 , 0.00166155 , 0.00166155 , 0.00249233 , 0.0483088 , 0.0634423 , 0.108889 , 0.196387 , 0.576327 , 
2.30256e-05 , 5.75641e-05 , 0.000230256 , 0.000460513 , 0.000690769 , 0.0148486 , 0.0266073 , 0.0785463 , 0.878536 , 
0.000871416 , 0.00174283 , 0.00261425 , 0.00261425 , 0.0265635 , 0.0521016 , 0.0838636 , 0.203796 , 0.625833 , 
0.00122239 , 0.00305597 , 0.00305597 , 0.0122239 , 0.0122239 , 0.0244478 , 0.0244478 , 0.0366717 , 0.882651 , 
0.00147808 , 0.00147808 , 0.00591233 , 0.00591233 , 0.0118247 , 0.017737 , 0.017737 , 0.017737 , 0.920184 , 
0.000157982 , 0.000631926 , 0.00189578 , 0.00189578 , 0.0385397 , 0.0564537 , 0.0905344 , 0.21567 , 0.59422 , 
0.00422569 , 0.00608046 , 0.0163045 , 0.0182389 , 0.0241665 , 0.0283204 , 0.0316728 , 0.0770814 , 0.793909 , 
0.00168364 , 0.00168364 , 0.00505092 , 0.00505092 , 0.00505092 , 0.00505092 , 0.00505092 , 0.265134 , 0.706244 , 
7.40514e-06 , 1.85129e-05 , 7.40514e-05 , 0.000222154 , 0.00354979 , 0.00849519 , 0.0399227 , 0.174376 , 0.773334 , 
0 , 0 , 0 , 0 , 0 , 0 , 0 , 0 , 0 , 
5.32105e-05 , 0.000106421 , 0.000159631 , 0.00347868 , 0.00815395 , 0.0125701 , 0.0343063 , 0.112332 , 0.82884 , 
0.000723491 , 0.00180873 , 0.00180873 , 0.00723491 , 0.00723491 , 0.0144698 , 0.0144698 , 0.0217047 , 0.930545 , 
0.0125786 , 0.0125786 , 0.0314465 , 0.0314465 , 0.0314465 , 0.125786 , 0.125786 , 0.251572 , 0.377358 , 
2.36985e-05 , 9.4794e-05 , 0.000189588 , 0.000284382 , 0.00594328 , 0.0180151 , 0.0679392 , 0.301849 , 0.605661 , 
0.00294378 , 0.00735945 , 0.00735945 , 0.00735945 , 0.0294378 , 0.0294378 , 0.0588756 , 0.0883134 , 0.768913 , 
0.000108265 , 0.000162398 , 0.00317796 , 0.00455094 , 0.00655243 , 0.0110155 , 0.0208487 , 0.0888667 , 0.864717 , 
0.00486173 , 0.00866914 , 0.00950754 , 0.0102702 , 0.0122644 , 0.0149986 , 0.0489811 , 0.135571 , 0.754876 , 
0.00133039 , 0.00133039 , 0.00133039 , 0.00332597 , 0.0133039 , 0.0133039 , 0.0399116 , 0.0399116 , 0.886252 , 
0.0168067 , 0.0168067 , 0.0420168 , 0.0420168 , 0.0420168 , 0.168067 , 0.168067 , 0.168067 , 0.336134 , 
0.000235075 , 0.000352613 , 0.0061377 , 0.00808118 , 0.0161814 , 0.0401446 , 0.0678954 , 0.161487 , 0.699485 , 
0.0481934 , 0.0585234 , 0.0819093 , 0.0822399 , 0.102953 , 0.110428 , 0.121647 , 0.149862 , 0.244244 , 
0 , 0 , 0 , 0 , 0 , 0 , 0 , 0 , 0 , 
0.0070761 , 0.0070761 , 0.0141522 , 0.0141522 , 0.0141522 , 0.0212283 , 0.0212283 , 0.386841 , 0.514093 , 
0.111111 , 0.111111 , 0.111111 , 0.111111 , 0.111111 , 0.111111 , 0.111111 , 0.111111 , 0.111111 , 
4.76811e-07 , 4.76811e-07 , 1.43043e-06 , 1.43043e-06 , 2.8083e-05 , 7.30866e-05 , 7.30866e-05 , 0.000101489 , 0.99972 , 
0.00325664 , 0.00651327 , 0.00651327 , 0.00651327 , 0.00976991 , 0.00976991 , 0.178963 , 0.351822 , 0.426879 , 
4.95364e-05 , 0.000198146 , 0.000396291 , 0.000594437 , 0.0134963 , 0.028857 , 0.0809937 , 0.200079 , 0.675336 , 
0.0133416 , 0.0264993 , 0.034678 , 0.0456354 , 0.0487692 , 0.0609534 , 0.077208 , 0.106372 , 0.586543 , 
0.000681928 , 0.00272771 , 0.00272771 , 0.00545542 , 0.00818313 , 0.00818313 , 0.140654 , 0.218413 , 0.612974 , 
0 , 0 , 0 , 0 , 0 , 0 , 0 , 0 , 0 , 
0.000115413 , 0.00214733 , 0.00529176 , 0.0107892 , 0.0136586 , 0.018135 , 0.0274298 , 0.057397 , 0.865036 , 
0.00348897 , 0.0139559 , 0.0139559 , 0.0279117 , 0.0279117 , 0.0418676 , 0.0418676 , 0.0418676 , 0.787173 , 
0.000697483 , 0.00104622 , 0.0242856 , 0.0394648 , 0.0528777 , 0.0811381 , 0.142325 , 0.225145 , 0.43302 , 
0.00125017 , 0.00125017 , 0.00312543 , 0.0125017 , 0.0125017 , 0.0250035 , 0.0250035 , 0.0375052 , 0.881859 , 
1.15283e-05 , 1.15283e-05 , 1.15283e-05 , 0.00313773 , 0.00535181 , 0.012604 , 0.037469 , 0.144586 , 0.796817 , 
0.00031127 , 0.00093381 , 0.0316326 , 0.0410257 , 0.0459577 , 0.0684233 , 0.101608 , 0.201633 , 0.508475 , 
0.00847271 , 0.0261061 , 0.0283643 , 0.033212 , 0.0501556 , 0.0687034 , 0.175538 , 0.179357 , 0.430091 , 
0.000585814 , 0.000585814 , 0.00882959 , 0.0142654 , 0.0282683 , 0.0469046 , 0.18327 , 0.335047 , 0.382244 , 
0 , 0 , 0 , 0 , 0 , 0 , 0 , 0 , 0 , 
0.00147649 , 0.00369123 , 0.00369123 , 0.0147649 , 0.0147649 , 0.0147649 , 0.0295298 , 0.0442947 , 0.873022 , 
0.000441269 , 0.000441269 , 0.00110317 , 0.00441269 , 0.00441269 , 0.00441269 , 0.00882538 , 0.18545 , 0.790501 , 
0 , 0 , 0 , 0 , 0 , 0 , 0 , 0 , 0 , 
2.329e-05 , 2.329e-05 , 0.000678378 , 0.00101905 , 0.00215556 , 0.00492511 , 0.0145672 , 0.467103 , 0.509505 , 
0.111111 , 0.111111 , 0.111111 , 0.111111 , 0.111111 , 0.111111 , 0.111111 , 0.111111 , 0.111111 , 
0 , 0 , 0 , 0 , 0 , 0 , 0 , 0 , 0 , 
0.000968994 , 0.017017 , 0.0305312 , 0.0425713 , 0.0606386 , 0.0933291 , 0.144749 , 0.210906 , 0.399289 , 
0.00110185 , 0.00390878 , 0.00465291 , 0.00629661 , 0.0155769 , 0.0335681 , 0.0840061 , 0.215184 , 0.635704 , 
0.00160532 , 0.0120653 , 0.0158139 , 0.00160532 , 0.00160532 , 0.14969 , 0.156904 , 0.235442 , 0.42527 , 
3.18462e-05 , 3.18462e-05 , 3.18462e-05 , 0.00025477 , 0.00455477 , 0.0127193 , 0.0911557 , 0.308613 , 0.582607 , 
0.0029876 , 0.0029876 , 0.0029876 , 0.0029876 , 0.19761 , 0.19761 , 0.19761 , 0.19761 , 0.19761 , 
0.00129216 , 0.00387649 , 0.00387649 , 0.00387649 , 0.0600506 , 0.102179 , 0.134658 , 0.30237 , 0.387821 , 
1.81661e-05 , 4.54152e-05 , 0.000363322 , 0.00561026 , 0.00897207 , 0.0221625 , 0.0565335 , 0.152902 , 0.753393 , 
0 , 0 , 0 , 0 , 0 , 0 , 0 , 0 , 0 , 
0.00033883 , 0.000442867 , 0.00108202 , 0.0035644 , 0.0103908 , 0.0158495 , 0.116172 , 0.221424 , 0.630736 , 
0.000339364 , 0.00880223 , 0.0179978 , 0.022828 , 0.0476469 , 0.0771175 , 0.13665 , 0.216299 , 0.47232 , 
0.0526316 , 0.0526316 , 0.0526316 , 0.105263 , 0.105263 , 0.157895 , 0.157895 , 0.157895 , 0.157895 , 
0.0181818 , 0.0181818 , 0.0181818 , 0.0727273 , 0.0727273 , 0.145455 , 0.218182 , 0.218182 , 0.218182 , 
0.00026846 , 0.00107384 , 0.00214768 , 0.00214768 , 0.00322153 , 0.0512369 , 0.0927573 , 0.21189 , 0.635256 , 
0.000106694 , 0.000426777 , 0.000853554 , 0.000853554 , 0.00128033 , 0.0301403 , 0.0678163 , 0.135866 , 0.762656 , 
0.00102633 , 0.00102633 , 0.00205266 , 0.00307899 , 0.00307899 , 0.00307899 , 0.00307899 , 0.233788 , 0.749791 , 
1.93312e-05 , 0.000154649 , 0.00394735 , 0.0050483 , 0.00618988 , 0.0143059 , 0.0322909 , 0.11373 , 0.824313 , 
4.52953e-05 , 0.000362363 , 0.000543544 , 0.0110798 , 0.0158279 , 0.0324382 , 0.0675068 , 0.136072 , 0.736124 , 
0.00142652 , 0.00356629 , 0.00356629 , 0.0142652 , 0.0142652 , 0.0285303 , 0.0285303 , 0.0427955 , 0.863054 , 
0.0240964 , 0.0240964 , 0.0240964 , 0.0240964 , 0.060241 , 0.060241 , 0.060241 , 0.240964 , 0.481928 , 
0 , 0 , 0 , 0 , 0 , 0 , 0 , 0 , 0 , 
0.00141481 , 0.00141481 , 0.00565924 , 0.00565924 , 0.0113185 , 0.0169777 , 0.213808 , 0.259171 , 0.484576 , 
0.111111 , 0.111111 , 0.111111 , 0.111111 , 0.111111 , 0.111111 , 0.111111 , 0.111111 , 0.111111 , 
0 , 0 , 0 , 0 , 0 , 0 , 0 , 0 , 0 , 
0.00284222 , 0.00284222 , 0.00568444 , 0.00852666 , 0.00852666 , 0.134313 , 0.186188 , 0.268152 , 0.382924 , 
0.0124235 , 0.0189761 , 0.0401674 , 0.0545723 , 0.0723298 , 0.106091 , 0.127771 , 0.192255 , 0.375415 , 
0.00969654 , 0.00994869 , 0.00994869 , 0.0110654 , 0.0198822 , 0.0198822 , 0.0258126 , 0.0258126 , 0.867951 , 
0.00130835 , 0.00201595 , 0.00467844 , 0.00765678 , 0.0124769 , 0.0317168 , 0.0599132 , 0.190467 , 0.689766 , 
0.000104212 , 0.000416849 , 0.000833699 , 0.000833699 , 0.00125055 , 0.0339951 , 0.0610023 , 0.201207 , 0.700356 , 
0.000706399 , 0.000706399 , 0.000706399 , 0.00282559 , 0.00282559 , 0.00565119 , 0.00847678 , 0.224635 , 0.753467 , 
0.000743302 , 0.0014866 , 0.0014866 , 0.00222991 , 0.0421419 , 0.0605284 , 0.121816 , 0.17298 , 0.596587 , 
0 , 0 , 0 , 0 , 0 , 0 , 0 , 0 , 0 , 
0.000302936 , 0.000605873 , 0.000605873 , 0.000908809 , 0.000908809 , 0.000908809 , 0.0397702 , 0.273555 , 0.682434 , 
2.68911e-06 , 2.68911e-06 , 2.68911e-06 , 5.37822e-06 , 5.37822e-06 , 5.37822e-06 , 0.333325 , 0.333325 , 0.333325 , 
0.000301421 , 0.000753553 , 0.000753553 , 0.00301421 , 0.00602842 , 0.00602842 , 0.00904263 , 0.196768 , 0.77731 , 
0.00100971 , 0.00403885 , 0.00403885 , 0.00807771 , 0.00807771 , 0.0121166 , 0.186667 , 0.245752 , 0.530221 , 
0.000455759 , 0.000455759 , 0.00918304 , 0.0145003 , 0.0312315 , 0.0545007 , 0.0640639 , 0.213204 , 0.612405 , 
1.94251e-07 , 6.0787e-06 , 6.0787e-06 , 1.48115e-05 , 1.48115e-05 , 0.000539186 , 0.000539186 , 0.49944 , 0.49944 , 
4.08933e-07 , 4.08933e-07 , 1.38819e-05 , 1.38819e-05 , 3.48149e-05 , 3.48149e-05 , 3.48149e-05 , 0.499933 , 0.499933 , 
0.00153711 , 0.00307421 , 0.00461132 , 0.00461132 , 0.0953817 , 0.139711 , 0.163775 , 0.221933 , 0.365365 , 
0.0011295 , 0.0011295 , 0.0183273 , 0.0324223 , 0.0467035 , 0.0660154 , 0.117938 , 0.255171 , 0.461164 , 
0.00049863 , 0.00049863 , 0.00049863 , 0.00124657 , 0.00124657 , 0.00124657 , 0.00997259 , 0.288051 , 0.696741 , 
0.000355386 , 0.000355386 , 0.000355386 , 0.000355386 , 0.199716 , 0.199716 , 0.199716 , 0.199716 , 0.199716 , 
0.000880241 , 0.000880241 , 0.00352096 , 0.00352096 , 0.00704193 , 0.0105629 , 0.179829 , 0.289915 , 0.503849 , 
0.000381436 , 0.000762872 , 0.000762872 , 0.0211188 , 0.035948 , 0.0437938 , 0.0588761 , 0.0935184 , 0.744838 , 
0.000813715 , 0.00162743 , 0.00244115 , 0.00244115 , 0.0452043 , 0.0632829 , 0.0860229 , 0.182809 , 0.615358 , 
0.0185185 , 0.0185185 , 0.0740741 , 0.0740741 , 0.0740741 , 0.148148 , 0.148148 , 0.222222 , 0.222222 , 
0.00011812 , 0.00501838 , 0.00777561 , 0.0161703 , 0.0331743 , 0.0419451 , 0.0588053 , 0.109331 , 0.727662 , 
0.000459562 , 0.0011489 , 0.0011489 , 0.0011489 , 0.0137869 , 0.00919124 , 0.0137869 , 0.250518 , 0.70881 , 
6.97655e-05 , 0.000174414 , 0.000174414 , 0.000697655 , 0.000697655 , 0.0183466 , 0.0534551 , 0.188469 , 0.737915 , 
6.67249e-05 , 0.000266899 , 0.000533799 , 0.000800698 , 0.0121996 , 0.0148476 , 0.0293121 , 0.0808532 , 0.861119 , 
0.00294464 , 0.00294464 , 0.0117786 , 0.0117786 , 0.0235571 , 0.0235571 , 0.0353357 , 0.343584 , 0.54452 , 
0.00565454 , 0.00565454 , 0.0113091 , 0.0169636 , 0.0169636 , 0.0169636 , 0.0169636 , 0.0169636 , 0.892564 , 
0 , 0 , 0 , 0 , 0 , 0 , 0 , 0 , 0 , 
0.00104041 , 0.00312122 , 0.0283394 , 0.0370507 , 0.0479099 , 0.0648648 , 0.122162 , 0.1784 , 0.517111 , 
0.000304765 , 0.00243812 , 0.00365718 , 0.00365718 , 0.0601186 , 0.0679387 , 0.178273 , 0.29395 , 0.389662 , 
0.0323817 , 0.0414977 , 0.0468796 , 0.0603851 , 0.0783994 , 0.106698 , 0.125759 , 0.213209 , 0.29479 , 
0.000681956 , 0.000681956 , 0.000681956 , 0.00170489 , 0.00170489 , 0.00681956 , 0.00681956 , 0.0136391 , 0.967266 , 
0.000147531 , 0.000368828 , 0.000368828 , 0.000368828 , 0.00147531 , 0.00295062 , 0.00442593 , 0.138546 , 0.851348 , 
0.00236565 , 0.00473129 , 0.00709694 , 0.00709694 , 0.00709694 , 0.105008 , 0.147712 , 0.243416 , 0.475476 , 
1.18209e-05 , 1.18209e-05 , 2.95522e-05 , 2.95522e-05 , 0.000118209 , 0.00368082 , 0.00445087 , 0.012716 , 0.978951 , 
0.000738459 , 0.00295384 , 0.00590767 , 0.00590767 , 0.00886151 , 0.00886151 , 0.198834 , 0.254173 , 0.513762 , 
3.39547e-07 , 3.39547e-07 , 2.29575e-05 , 3.73776e-05 , 5.4344e-05 , 5.4344e-05 , 0.000167364 , 0.000177781 , 0.999485 , 
0.000642898 , 0.00160724 , 0.00160724 , 0.00642898 , 0.00642898 , 0.012858 , 0.0192869 , 0.0192869 , 0.931853 , 
0.00424645 , 0.0109565 , 0.0185827 , 0.0255463 , 0.0429949 , 0.0868505 , 0.14136 , 0.217132 , 0.45233 , 
0.0206186 , 0.0206186 , 0.0206186 , 0.0206186 , 0.0206186 , 0.0206186 , 0.0515464 , 0.206186 , 0.618557 , 
0.000260288 , 0.000390432 , 0.0059426 , 0.0103574 , 0.0179683 , 0.0237214 , 0.0550372 , 0.143483 , 0.74284 , 
0 , 0 , 0 , 0 , 0 , 0 , 0 , 0 , 0 , 
0.000558722 , 0.000558722 , 0.00223489 , 0.00223489 , 0.00446977 , 0.00670466 , 0.120109 , 0.225453 , 0.637676 , 
0 , 0 , 0 , 0 , 0 , 0 , 0 , 0 , 0 , 
4.11211e-05 , 6.16817e-05 , 0.00120376 , 0.00233631 , 0.00577028 , 0.00976492 , 0.0387122 , 0.0950608 , 0.847049 , 
0.111111 , 0.111111 , 0.111111 , 0.111111 , 0.111111 , 0.111111 , 0.111111 , 0.111111 , 0.111111 , 
0.000350378 , 0.00713817 , 0.0145165 , 0.0188431 , 0.0299807 , 0.0534245 , 0.0924637 , 0.154894 , 0.62839 , 
0.00103353 , 0.00413413 , 0.00413413 , 0.00413413 , 0.00826826 , 0.00826826 , 0.0124024 , 0.273069 , 0.684556 , 
0 , 0 , 0 , 0 , 0 , 0 , 0 , 0 , 0 , 
0.0161458 , 0.0560593 , 0.0640194 , 0.0801965 , 0.1037 , 0.122665 , 0.161385 , 0.17924 , 0.216589 , 
