0.00119514 , 0.00239027 , 0.00358541 , 0.0567995 , 0.078298 , 0.106943 , 0.149101 , 0.225358 , 0.376329 , 
0.00771711 , 0.00771711 , 0.00771711 , 0.120096 , 0.133659 , 0.147455 , 0.164952 , 0.188039 , 0.222648 , 
0.000692292 , 0.00173073 , 0.00173073 , 0.00692292 , 0.00692292 , 0.0138458 , 0.0207688 , 0.324184 , 0.623201 , 
0.00216105 , 0.00216105 , 0.00216105 , 0.00540262 , 0.00540262 , 0.00540262 , 0.0216105 , 0.0432209 , 0.912478 , 
0.000105094 , 0.000262735 , 0.00105094 , 0.00210188 , 0.00315283 , 0.0549401 , 0.0911188 , 0.169403 , 0.677865 , 
0.047619 , 0.047619 , 0.047619 , 0.047619 , 0.047619 , 0.047619 , 0.119048 , 0.119048 , 0.47619 , 
0.00173341 , 0.00173341 , 0.00173341 , 0.00433352 , 0.00433352 , 0.0173341 , 0.0173341 , 0.0346681 , 0.916796 , 
0.000648941 , 0.00129788 , 0.00194682 , 0.0390041 , 0.0566418 , 0.0837049 , 0.130192 , 0.219495 , 0.467068 , 
0.000525128 , 0.00131282 , 0.00131282 , 0.00525128 , 0.0105026 , 0.0105026 , 0.0157539 , 0.339689 , 0.61515 , 
0.000462895 , 0.00185158 , 0.00370316 , 0.00370316 , 0.00555474 , 0.09979 , 0.147154 , 0.248711 , 0.489069 , 
0.000662354 , 0.00165588 , 0.00165588 , 0.00662354 , 0.00662354 , 0.0132471 , 0.0198706 , 0.302484 , 0.647177 , 
0.0145686 , 0.0145686 , 0.0145686 , 0.0291372 , 0.0291372 , 0.0437057 , 0.0437057 , 0.0437057 , 0.766903 , 
0.019802 , 0.019802 , 0.019802 , 0.049505 , 0.049505 , 0.049505 , 0.19802 , 0.19802 , 0.39604 , 
0 , 0 , 0 , 0 , 0 , 0 , 0 , 0 , 0 , 
0.0128205 , 0.0128205 , 0.0128205 , 0.0320513 , 0.0320513 , 0.128205 , 0.128205 , 0.25641 , 0.384615 , 
0.0350617 , 0.0427342 , 0.0485548 , 0.0559786 , 0.0687306 , 0.0841374 , 0.0991932 , 0.148741 , 0.416868 , 
0.000693909 , 0.00138782 , 0.00208173 , 0.0457358 , 0.0656191 , 0.0951091 , 0.137659 , 0.220627 , 0.431086 , 
0.000278189 , 0.000695472 , 0.00278189 , 0.00278189 , 0.00556378 , 0.00834567 , 0.150559 , 0.250294 , 0.5787 , 
0.000832364 , 0.000832364 , 0.00332946 , 0.00665892 , 0.00665892 , 0.00998837 , 0.175235 , 0.277754 , 0.518711 , 
0 , 0 , 0 , 0 , 0 , 0 , 0 , 0 , 0 , 
0.00119513 , 0.00239026 , 0.00239026 , 0.00358538 , 0.0650351 , 0.1008 , 0.148069 , 0.239777 , 0.436758 , 
0.00280333 , 0.00707536 , 0.0104466 , 0.0183178 , 0.0268628 , 0.0419633 , 0.0771267 , 0.246671 , 0.568733 , 
0.00079598 , 0.00159196 , 0.00238794 , 0.0427069 , 0.0612839 , 0.0879701 , 0.138488 , 0.226832 , 0.437944 , 
0.000360477 , 0.000901193 , 0.00360477 , 0.00360477 , 0.00720954 , 0.0108143 , 0.170881 , 0.273228 , 0.529395 , 
0.0124224 , 0.0124224 , 0.0124224 , 0.0310559 , 0.0310559 , 0.0310559 , 0.124224 , 0.372671 , 0.372671 , 
0.000241356 , 0.000603391 , 0.00241356 , 0.00241356 , 0.00482712 , 0.00724069 , 0.122744 , 0.233031 , 0.626485 , 
0.000349 , 0.000349 , 0.000349 , 0.0008725 , 0.00349 , 0.00698 , 0.01047 , 0.21893 , 0.75821 , 
0.000428841 , 0.000428841 , 0.0010721 , 0.00428841 , 0.00428841 , 0.00857682 , 0.0128652 , 0.229161 , 0.738891 , 
0.000354981 , 0.00141992 , 0.00141992 , 0.00283985 , 0.00425977 , 0.0663356 , 0.106032 , 0.179916 , 0.637422 , 
0.000310562 , 0.00727214 , 0.011279 , 0.0180088 , 0.0278357 , 0.0423119 , 0.0746476 , 0.134129 , 0.684205 , 
0.000647989 , 0.00129598 , 0.00194397 , 0.0299416 , 0.0463157 , 0.0720263 , 0.120266 , 0.216159 , 0.511403 , 
0.00160462 , 0.00641849 , 0.012837 , 0.012837 , 0.012837 , 0.0192555 , 0.0192555 , 0.372118 , 0.542837 , 
3.28029e-05 , 6.56059e-05 , 0.00150984 , 0.00249149 , 0.00379321 , 0.00606156 , 0.0137395 , 0.0896391 , 0.882667 , 
0.111111 , 0.111111 , 0.111111 , 0.111111 , 0.111111 , 0.111111 , 0.111111 , 0.111111 , 0.111111 , 
0.0125786 , 0.0125786 , 0.0314465 , 0.0314465 , 0.0314465 , 0.125786 , 0.125786 , 0.251572 , 0.377358 , 
0.0186371 , 0.0287597 , 0.0418252 , 0.0569949 , 0.0780766 , 0.100745 , 0.145455 , 0.204681 , 0.324825 , 
0.00138734 , 0.00138734 , 0.00346835 , 0.0138734 , 0.0138734 , 0.0277468 , 0.0277468 , 0.0416202 , 0.868896 , 
0.000142808 , 0.000357021 , 0.00142808 , 0.00142808 , 0.00285617 , 0.00428425 , 0.0814321 , 0.165738 , 0.742333 , 
0.00137913 , 0.00275825 , 0.00413738 , 0.00413738 , 0.0680378 , 0.100799 , 0.14919 , 0.237701 , 0.43186 , 
2.05494e-06 , 6.2794e-06 , 8.25236e-06 , 1.20424e-05 , 2.48995e-05 , 2.48995e-05 , 3.88567e-05 , 9.26323e-05 , 0.99979 , 
0.00240596 , 0.00481192 , 0.00481192 , 0.00721787 , 0.00721787 , 0.137911 , 0.177592 , 0.243235 , 0.414796 , 
0.00375396 , 0.0150158 , 0.0150158 , 0.0300317 , 0.0300317 , 0.0300317 , 0.0450475 , 0.0450475 , 0.786024 , 
0.0833333 , 0.0833333 , 0.0833333 , 0.125 , 0.125 , 0.125 , 0.125 , 0.125 , 0.125 , 
0.0103093 , 0.0103093 , 0.0257732 , 0.0257732 , 0.103093 , 0.103093 , 0.206186 , 0.206186 , 0.309278 , 
0 , 0 , 0 , 0 , 0 , 0 , 0 , 0 , 0 , 
0.000445896 , 0.00111474 , 0.00445896 , 0.00445896 , 0.00891792 , 0.0133769 , 0.0133769 , 0.316049 , 0.6378 , 
0.000680057 , 0.00272023 , 0.00272023 , 0.00544046 , 0.00816068 , 0.00816068 , 0.179732 , 0.27868 , 0.513706 , 
0.019802 , 0.019802 , 0.019802 , 0.049505 , 0.049505 , 0.049505 , 0.19802 , 0.19802 , 0.39604 , 
0.00364249 , 0.00364249 , 0.00728497 , 0.00728497 , 0.0109275 , 0.0109275 , 0.205373 , 0.284433 , 0.466484 , 
0.000669998 , 0.00134 , 0.00200999 , 0.00200999 , 0.0447658 , 0.0705009 , 0.127662 , 0.219162 , 0.53188 , 
0.0382069 , 0.0523552 , 0.0665999 , 0.0808227 , 0.0977137 , 0.113446 , 0.137698 , 0.175006 , 0.238151 , 
0.0187221 , 0.0300886 , 0.0441752 , 0.0577817 , 0.0715222 , 0.0906397 , 0.12596 , 0.206225 , 0.354886 , 
0.000411272 , 0.00164509 , 0.00164509 , 0.00329018 , 0.00493526 , 0.0890341 , 0.140169 , 0.233923 , 0.524947 , 
0.000256557 , 0.00102623 , 0.00205246 , 0.00307869 , 0.0540939 , 0.079947 , 0.12823 , 0.226006 , 0.50531 , 
0.0204082 , 0.0204082 , 0.0204082 , 0.0204082 , 0.0510204 , 0.0510204 , 0.204082 , 0.204082 , 0.408163 , 
0.000723296 , 0.00108494 , 0.0237547 , 0.0374605 , 0.0601333 , 0.0841004 , 0.126319 , 0.218313 , 0.448111 , 
0.0010858 , 0.0010858 , 0.0010858 , 0.0010858 , 0.00271451 , 0.010858 , 0.0217161 , 0.0325741 , 0.927794 , 
0.00590813 , 0.0135094 , 0.0231771 , 0.0357242 , 0.0537047 , 0.084841 , 0.128103 , 0.221816 , 0.433216 , 
0.000143564 , 0.000430692 , 0.00876437 , 0.0266822 , 0.0357663 , 0.0508826 , 0.126117 , 0.154498 , 0.596716 , 
0.00107726 , 0.00430902 , 0.00430902 , 0.00861805 , 0.0129271 , 0.0129271 , 0.218203 , 0.292596 , 0.445034 , 
0.0289855 , 0.0289855 , 0.0724638 , 0.0724638 , 0.0724638 , 0.0724638 , 0.0724638 , 0.289855 , 0.289855 , 
0 , 0 , 0 , 0 , 0 , 0 , 0 , 0 , 0 , 
0.000277775 , 0.000833326 , 0.0130664 , 0.0209407 , 0.0353573 , 0.0665394 , 0.117475 , 0.227346 , 0.518164 , 
0.000668955 , 0.00267582 , 0.00535164 , 0.00802746 , 0.00802746 , 0.136527 , 0.178661 , 0.247277 , 0.412783 , 
0.000776677 , 0.00155335 , 0.00233003 , 0.0427612 , 0.0598188 , 0.0883514 , 0.132356 , 0.21382 , 0.458233 , 
0.0130774 , 0.0185581 , 0.0419955 , 0.0448221 , 0.100491 , 0.117799 , 0.120884 , 0.162897 , 0.379476 , 
0.000479353 , 0.0143064 , 0.0237442 , 0.0354292 , 0.0526247 , 0.0768782 , 0.121413 , 0.217137 , 0.457987 , 
0.0206151 , 0.0293861 , 0.0387872 , 0.0530956 , 0.0709808 , 0.0904498 , 0.118869 , 0.183027 , 0.394789 , 
0.000193114 , 0.000482784 , 0.00193114 , 0.00193114 , 0.00386227 , 0.00579341 , 0.105013 , 0.182907 , 0.697886 , 
0.000841769 , 0.000841769 , 0.000841769 , 0.000841769 , 0.199327 , 0.199327 , 0.199327 , 0.199327 , 0.199327 , 
0.000526323 , 0.000526323 , 0.00210529 , 0.00421058 , 0.00421058 , 0.00631588 , 0.10243 , 0.214925 , 0.664751 , 
0.0125786 , 0.0125786 , 0.0314465 , 0.0314465 , 0.0314465 , 0.125786 , 0.125786 , 0.251572 , 0.377358 , 
0.000241833 , 0.00546417 , 0.00983256 , 0.0146133 , 0.0259001 , 0.0475252 , 0.0792734 , 0.158144 , 0.659005 , 
0.0016174 , 0.00646959 , 0.00646959 , 0.0129392 , 0.0129392 , 0.0194088 , 0.0194088 , 0.360078 , 0.56067 , 
0.00077358 , 0.00309432 , 0.00309432 , 0.00618864 , 0.00928296 , 0.00928296 , 0.178501 , 0.275965 , 0.513817 , 
0 , 0 , 0 , 0 , 0 , 0 , 0 , 0 , 0 , 
0.0129032 , 0.0129032 , 0.0129032 , 0.0129032 , 0.0129032 , 0.0322581 , 0.129032 , 0.387097 , 0.387097 , 
0.031746 , 0.031746 , 0.031746 , 0.031746 , 0.0793651 , 0.0793651 , 0.0793651 , 0.31746 , 0.31746 , 
0.000926181 , 0.00370473 , 0.00370473 , 0.00740945 , 0.0111142 , 0.0111142 , 0.21069 , 0.293001 , 0.458336 , 
1.08792e-05 , 4.35168e-05 , 8.70337e-05 , 0.000130551 , 0.00320816 , 0.00878953 , 0.0299226 , 0.117215 , 0.840593 , 
0.000438105 , 0.000876209 , 0.00131431 , 0.0215745 , 0.0343576 , 0.0600371 , 0.0984285 , 0.184995 , 0.597979 , 
0.000319861 , 0.00978797 , 0.0152799 , 0.0257481 , 0.0398277 , 0.066293 , 0.115701 , 0.244378 , 0.482665 , 
0.000184602 , 0.000369203 , 0.000553805 , 0.00990278 , 0.0149557 , 0.0245576 , 0.0446113 , 0.123544 , 0.781321 , 
0.00190768 , 0.00190768 , 0.0047692 , 0.0047692 , 0.0047692 , 0.0190768 , 0.0381536 , 0.0381536 , 0.886493 , 
0.000168815 , 0.000422037 , 0.00168815 , 0.00168815 , 0.0033763 , 0.00506444 , 0.089849 , 0.148908 , 0.748835 , 
0 , 0 , 0 , 0 , 0 , 0 , 0 , 0 , 0 , 
0.0125786 , 0.0125786 , 0.0314465 , 0.0314465 , 0.0314465 , 0.125786 , 0.125786 , 0.251572 , 0.377358 , 
0.00309849 , 0.00309849 , 0.00619698 , 0.00619698 , 0.00929547 , 0.00929547 , 0.193589 , 0.282794 , 0.486435 , 
0.0103627 , 0.0103627 , 0.0103627 , 0.0103627 , 0.0259067 , 0.103627 , 0.207254 , 0.310881 , 0.310881 , 
0.00168847 , 0.00168847 , 0.00675388 , 0.00675388 , 0.0135078 , 0.0135078 , 0.0202616 , 0.357642 , 0.578196 , 
0.000327268 , 0.00130907 , 0.00261814 , 0.00261814 , 0.00392721 , 0.0767169 , 0.128966 , 0.232055 , 0.551463 , 
0.000657616 , 0.00164404 , 0.00164404 , 0.00657616 , 0.00657616 , 0.0131523 , 0.0197285 , 0.322267 , 0.627754 , 
0.00203626 , 0.00203626 , 0.00814505 , 0.00814505 , 0.0162901 , 0.0162901 , 0.0244352 , 0.333748 , 0.588874 , 
0.000304024 , 0.0012161 , 0.00243219 , 0.00243219 , 0.00364829 , 0.0796375 , 0.134094 , 0.228452 , 0.547784 , 
0.0307692 , 0.0307692 , 0.0307692 , 0.0307692 , 0.0307692 , 0.0769231 , 0.0769231 , 0.0769231 , 0.615385 , 
0.000251844 , 0.00062961 , 0.00251844 , 0.00251844 , 0.00503688 , 0.00755532 , 0.147913 , 0.251389 , 0.582187 , 
0.0185712 , 0.032418 , 0.0439286 , 0.0602195 , 0.0838139 , 0.109793 , 0.149457 , 0.202807 , 0.298991 , 
0.00164836 , 0.00164836 , 0.00412089 , 0.00412089 , 0.0164836 , 0.0164836 , 0.0329672 , 0.0329672 , 0.88956 , 
0.000909032 , 0.000909032 , 0.00363613 , 0.00727226 , 0.00727226 , 0.0109084 , 0.17457 , 0.273589 , 0.520934 , 
5.97296e-07 , 2.38919e-06 , 7.16756e-06 , 0.000128686 , 0.000229683 , 0.000457345 , 0.0011628 , 0.00397469 , 0.994037 , 
0.0240964 , 0.0240964 , 0.0240964 , 0.0240964 , 0.060241 , 0.060241 , 0.060241 , 0.240964 , 0.481928 , 
0.000104913 , 0.000262283 , 0.00104913 , 0.00209826 , 0.00209826 , 0.00314739 , 0.0559796 , 0.0931934 , 0.842067 , 
0.000700613 , 0.00175153 , 0.00700613 , 0.00700613 , 0.0140123 , 0.0140123 , 0.0210184 , 0.354115 , 0.580377 , 
0.000154335 , 0.00061734 , 0.00123468 , 0.00185202 , 0.0398329 , 0.0631252 , 0.100785 , 0.179321 , 0.613077 , 
0.0168067 , 0.0168067 , 0.0420168 , 0.0420168 , 0.0420168 , 0.168067 , 0.168067 , 0.168067 , 0.336134 , 
0.0125786 , 0.0125786 , 0.0314465 , 0.0314465 , 0.0314465 , 0.125786 , 0.125786 , 0.251572 , 0.377358 , 
0.0144928 , 0.0144928 , 0.0144928 , 0.0144928 , 0.0362319 , 0.0362319 , 0.144928 , 0.289855 , 0.434783 , 
0.000398097 , 0.00119429 , 0.0203959 , 0.0310968 , 0.0465406 , 0.0732708 , 0.119699 , 0.211828 , 0.495576 , 
0.000348644 , 0.000348644 , 0.00139458 , 0.00139458 , 0.00278915 , 0.00418373 , 0.0665543 , 0.1399 , 0.783086 , 
0.0125786 , 0.0125786 , 0.0314465 , 0.0314465 , 0.0314465 , 0.125786 , 0.125786 , 0.251572 , 0.377358 , 
0.00112825 , 0.00282062 , 0.00282062 , 0.0112825 , 0.0112825 , 0.0112825 , 0.022565 , 0.022565 , 0.914253 , 
0.000775958 , 0.00116394 , 0.0259179 , 0.0404085 , 0.0573782 , 0.0826403 , 0.126317 , 0.219495 , 0.445903 , 
0.111111 , 0.111111 , 0.111111 , 0.111111 , 0.111111 , 0.111111 , 0.111111 , 0.111111 , 0.111111 , 
6.6542e-05 , 0.000166355 , 0.00066542 , 0.00133084 , 0.00199626 , 0.0361441 , 0.0748482 , 0.177513 , 0.707269 , 
0.000547869 , 0.0132718 , 0.0220734 , 0.0340978 , 0.0501158 , 0.0737554 , 0.118284 , 0.219665 , 0.468189 , 
0.0126582 , 0.0126582 , 0.0126582 , 0.0126582 , 0.0316456 , 0.0316456 , 0.126582 , 0.379747 , 0.379747 , 
0.0162602 , 0.0162602 , 0.0162602 , 0.0162602 , 0.0406504 , 0.0406504 , 0.0406504 , 0.325203 , 0.487805 , 
0.000970065 , 0.00388026 , 0.00776052 , 0.00776052 , 0.0116408 , 0.0116408 , 0.21268 , 0.292477 , 0.45119 , 
0.00127222 , 0.00127222 , 0.00318054 , 0.00318054 , 0.0127222 , 0.0127222 , 0.0254443 , 0.0381665 , 0.902039 , 
0.00176892 , 0.00442231 , 0.00442231 , 0.0176892 , 0.0176892 , 0.0353784 , 0.0353784 , 0.0530677 , 0.830183 , 
0.000122455 , 0.000489821 , 0.000979642 , 0.00146946 , 0.0233609 , 0.0406344 , 0.0646804 , 0.108694 , 0.759569 , 
3.74489e-06 , 1.49795e-05 , 2.99591e-05 , 4.49386e-05 , 0.00075906 , 0.00147762 , 0.00279197 , 0.0384583 , 0.956419 , 
0.00449931 , 0.00449931 , 0.0718925 , 0.0896183 , 0.107681 , 0.12696 , 0.154145 , 0.186701 , 0.254004 , 
0.00565871 , 0.011404 , 0.0191976 , 0.0309663 , 0.049781 , 0.0828171 , 0.122019 , 0.202151 , 0.476006 , 
0.0217391 , 0.0543478 , 0.0543478 , 0.0543478 , 0.0543478 , 0.0543478 , 0.0543478 , 0.217391 , 0.434783 , 
3.16682e-24 , 9.50046e-24 , 4.32211e-22 , 3.72596e-19 , 4.73005e-16 , 5.36273e-13 , 9.40429e-10 , 4.75641e-06 , 0.999995 , 
0.000385202 , 0.00154081 , 0.00308162 , 0.00308162 , 0.00462243 , 0.0948422 , 0.143503 , 0.236806 , 0.512137 , 
0.000177601 , 0.000444002 , 0.000444002 , 0.00177601 , 0.00177601 , 0.00355201 , 0.00532802 , 0.176436 , 0.810066 , 
0.111111 , 0.111111 , 0.111111 , 0.111111 , 0.111111 , 0.111111 , 0.111111 , 0.111111 , 0.111111 , 
0.000291351 , 0.00848964 , 0.0156331 , 0.02525 , 0.0397725 , 0.0651427 , 0.114481 , 0.215771 , 0.515168 , 
0.00143309 , 0.00358273 , 0.00358273 , 0.0143309 , 0.0143309 , 0.0286618 , 0.0286618 , 0.0429927 , 0.862423 , 
1.43039e-06 , 4.29116e-06 , 4.29116e-06 , 7.43019e-05 , 0.000105286 , 0.000170354 , 0.000432976 , 0.00669659 , 0.99251 , 
0.000508014 , 0.00203206 , 0.00203206 , 0.00406412 , 0.00609617 , 0.097491 , 0.144934 , 0.241559 , 0.501284 , 
0 , 0 , 0 , 0 , 0 , 0 , 0 , 0 , 0 , 
0.000519094 , 0.0119287 , 0.0215798 , 0.0318285 , 0.0479596 , 0.0737627 , 0.118546 , 0.219904 , 0.473972 , 
0.000451884 , 0.00180754 , 0.00180754 , 0.00361507 , 0.00542261 , 0.0939621 , 0.144323 , 0.243586 , 0.505024 , 
0.00232519 , 0.00232519 , 0.00232519 , 0.00232519 , 0.00232519 , 0.00581298 , 0.00581298 , 0.0232519 , 0.953496 , 
0.0112994 , 0.0282486 , 0.0282486 , 0.0282486 , 0.112994 , 0.112994 , 0.112994 , 0.225989 , 0.338983 , 
0.0416667 , 0.0416667 , 0.0416667 , 0.0416667 , 0.104167 , 0.104167 , 0.104167 , 0.104167 , 0.416667 , 
0.00262757 , 0.0437823 , 0.0586602 , 0.0738813 , 0.0927896 , 0.114769 , 0.145189 , 0.191016 , 0.277285 , 
0.00139029 , 0.00347572 , 0.00347572 , 0.0139029 , 0.0139029 , 0.0278057 , 0.0278057 , 0.0417086 , 0.866532 , 
0.00350486 , 0.00795571 , 0.0142048 , 0.0237389 , 0.0422646 , 0.0742963 , 0.121899 , 0.225461 , 0.486674 , 
2.10635e-05 , 2.10635e-05 , 2.10635e-05 , 2.10635e-05 , 2.10635e-05 , 0.095688 , 0.1507 , 0.249585 , 0.503922 , 
0.000500027 , 0.00200011 , 0.00400022 , 0.00400022 , 0.00600032 , 0.102703 , 0.153623 , 0.23446 , 0.492713 , 
0.00141012 , 0.0335597 , 0.0472936 , 0.0635676 , 0.0828989 , 0.108525 , 0.142478 , 0.198316 , 0.321952 , 
0.00157683 , 0.00157683 , 0.00157683 , 0.00394207 , 0.00394207 , 0.0157683 , 0.0157683 , 0.0315365 , 0.924312 , 
0.00183849 , 0.00183849 , 0.00459623 , 0.00459623 , 0.0183849 , 0.0183849 , 0.0367699 , 0.0367699 , 0.876821 , 
0.000683629 , 0.0151543 , 0.0266753 , 0.0401594 , 0.0599681 , 0.0840574 , 0.128181 , 0.201682 , 0.443439 , 
0.0011885 , 0.0011885 , 0.0220721 , 0.0277262 , 0.0345117 , 0.0460863 , 0.0731648 , 0.168291 , 0.625771 , 
0.00088697 , 0.00088697 , 0.00354788 , 0.00709576 , 0.00709576 , 0.0106436 , 0.170543 , 0.270411 , 0.528889 , 
0.000914567 , 0.00182913 , 0.0027437 , 0.0423232 , 0.0645458 , 0.0945386 , 0.135783 , 0.228339 , 0.428983 , 
0.0740741 , 0.0740741 , 0.0740741 , 0.0740741 , 0.0740741 , 0.0740741 , 0.185185 , 0.185185 , 0.185185 , 
0.111111 , 0.111111 , 0.111111 , 0.111111 , 0.111111 , 0.111111 , 0.111111 , 0.111111 , 0.111111 , 
8.93499e-79 , 2.45484e-69 , 2.39234e-61 , 4.39419e-53 , 8.23793e-45 , 5.39127e-36 , 4.49972e-27 , 3.90592e-16 , 1 , 
0.000542719 , 0.00217087 , 0.00434175 , 0.00434175 , 0.00651262 , 0.109554 , 0.157083 , 0.242372 , 0.473082 , 
0.111111 , 0.111111 , 0.111111 , 0.111111 , 0.111111 , 0.111111 , 0.111111 , 0.111111 , 0.111111 , 
0.000729656 , 0.0173686 , 0.0271079 , 0.0407767 , 0.0599703 , 0.0876541 , 0.128526 , 0.202768 , 0.435098 , 
0.000492384 , 0.00918712 , 0.0219939 , 0.0288456 , 0.0402302 , 0.066995 , 0.135557 , 0.250759 , 0.44594 , 
0.000797931 , 0.000797931 , 0.00319172 , 0.00319172 , 0.00638344 , 0.00957517 , 0.16092 , 0.254052 , 0.56109 , 
0.0126582 , 0.0126582 , 0.0126582 , 0.0126582 , 0.0316456 , 0.0316456 , 0.126582 , 0.379747 , 0.379747 , 
0.111111 , 0.111111 , 0.111111 , 0.111111 , 0.111111 , 0.111111 , 0.111111 , 0.111111 , 0.111111 , 
0.111111 , 0.111111 , 0.111111 , 0.111111 , 0.111111 , 0.111111 , 0.111111 , 0.111111 , 0.111111 , 
0.000603128 , 0.00150782 , 0.00150782 , 0.00603128 , 0.00603128 , 0.0120626 , 0.0180938 , 0.333607 , 0.620555 , 
0 , 0 , 0 , 0 , 0 , 0 , 0 , 0 , 0 , 
6.09567e-06 , 1.52392e-05 , 6.09567e-05 , 0.000121913 , 0.00018287 , 0.00467025 , 0.0194641 , 0.0831682 , 0.89231 , 
0.00066156 , 0.00066156 , 0.00264624 , 0.00529248 , 0.00529248 , 0.00793872 , 0.155789 , 0.263421 , 0.558296 , 
0.000939934 , 0.0174572 , 0.0286694 , 0.0403537 , 0.0667933 , 0.0972903 , 0.136377 , 0.220331 , 0.391788 , 
0.0223654 , 0.0377957 , 0.0500843 , 0.0646876 , 0.0803725 , 0.100303 , 0.131836 , 0.18821 , 0.324346 , 
0.000189488 , 0.000473721 , 0.00189488 , 0.00189488 , 0.00378977 , 0.00568465 , 0.112374 , 0.190811 , 0.682887 , 
0.0103093 , 0.0103093 , 0.0257732 , 0.0257732 , 0.103093 , 0.103093 , 0.206186 , 0.206186 , 0.309278 , 
0.031746 , 0.031746 , 0.031746 , 0.031746 , 0.0793651 , 0.0793651 , 0.0793651 , 0.31746 , 0.31746 , 
9.50096e-05 , 0.000380038 , 0.00114012 , 0.00114012 , 0.00114012 , 0.00114012 , 0.00114012 , 0.207154 , 0.786671 , 
0.000657614 , 0.00263046 , 0.00526091 , 0.00526091 , 0.00789137 , 0.00789137 , 0.178826 , 0.279821 , 0.51176 , 
0.000594554 , 0.00118911 , 0.00178366 , 0.0332096 , 0.0588105 , 0.0855132 , 0.129358 , 0.233258 , 0.456283 , 
0.00204884 , 0.00409769 , 0.00614653 , 0.00614653 , 0.00614653 , 0.00614653 , 0.125964 , 0.233969 , 0.609335 , 
0.0005112 , 0.0007668 , 0.0196882 , 0.0329592 , 0.0516378 , 0.0752001 , 0.130866 , 0.220169 , 0.468202 , 
0.000630932 , 0.000630932 , 0.000630932 , 0.000630932 , 0.00157733 , 0.00630932 , 0.0189279 , 0.219771 , 0.750891 , 
8.82376e-08 , 8.82376e-08 , 8.82376e-08 , 1.00437e-07 , 1.00437e-07 , 1.00437e-07 , 0.333333 , 0.333333 , 0.333333 , 
0.000522768 , 0.00104554 , 0.0015683 , 0.0279765 , 0.0485982 , 0.0763198 , 0.113005 , 0.210298 , 0.520666 , 
0.000785015 , 0.00157003 , 0.00235505 , 0.0373364 , 0.0541035 , 0.0751363 , 0.110759 , 0.178617 , 0.539337 , 
0.000648225 , 0.00162056 , 0.00162056 , 0.00648225 , 0.00648225 , 0.0129645 , 0.0194467 , 0.328013 , 0.622722 , 
0.00644109 , 0.0126134 , 0.0126134 , 0.0132832 , 0.077681 , 0.077681 , 0.113174 , 0.113174 , 0.573338 , 
0.000394707 , 0.000394707 , 0.000789414 , 0.00118412 , 0.0187893 , 0.0267613 , 0.0399153 , 0.08446 , 0.827311 , 
0.000730291 , 0.0180016 , 0.0287168 , 0.0412885 , 0.0575247 , 0.0854215 , 0.140115 , 0.218687 , 0.409515 , 
0.00116618 , 0.00233236 , 0.00349853 , 0.00349853 , 0.0723151 , 0.101886 , 0.149099 , 0.226196 , 0.440008 , 
7.58075e-05 , 7.58075e-05 , 0.0001952 , 0.0001952 , 0.00181005 , 0.00181005 , 0.00181005 , 0.497014 , 0.497014 , 
0.00109213 , 0.00273032 , 0.00273032 , 0.00273032 , 0.0109213 , 0.0218426 , 0.0218426 , 0.0327639 , 0.903347 , 
0.000157461 , 0.000393651 , 0.000393651 , 0.00314921 , 0.00472382 , 0.00472382 , 0.108654 , 0.229965 , 0.64784 , 
0.0144928 , 0.0144928 , 0.0144928 , 0.0144928 , 0.0362319 , 0.0362319 , 0.144928 , 0.289855 , 0.434783 , 
0.00267145 , 0.0416117 , 0.0562694 , 0.0723639 , 0.0904295 , 0.113938 , 0.142933 , 0.190485 , 0.289297 , 
0.0143885 , 0.0143885 , 0.0359712 , 0.0359712 , 0.0359712 , 0.143885 , 0.143885 , 0.28777 , 0.28777 , 
0.000451169 , 0.00180467 , 0.00180467 , 0.00360935 , 0.00541402 , 0.0861766 , 0.141377 , 0.238217 , 0.521146 , 
9.9103e-05 , 0.000396412 , 0.000792824 , 0.00118924 , 0.00118924 , 0.00118924 , 0.0449327 , 0.136151 , 0.81406 , 
0.000843772 , 0.000843772 , 0.00337509 , 0.00675018 , 0.00675018 , 0.0101253 , 0.189002 , 0.285187 , 0.497122 , 
0.000501374 , 0.0020055 , 0.00401099 , 0.00601649 , 0.00601649 , 0.116977 , 0.165122 , 0.250778 , 0.448572 , 
0.0136986 , 0.0547945 , 0.0547945 , 0.109589 , 0.109589 , 0.164384 , 0.164384 , 0.164384 , 0.164384 , 
0.00131285 , 0.0052514 , 0.0052514 , 0.0105028 , 0.0105028 , 0.0157542 , 0.0157542 , 0.363255 , 0.572415 , 
0.000481625 , 0.00120406 , 0.00120406 , 0.00481625 , 0.0096325 , 0.0096325 , 0.0144487 , 0.306808 , 0.651772 , 
0.0444444 , 0.0444444 , 0.0444444 , 0.0444444 , 0.0444444 , 0.111111 , 0.111111 , 0.111111 , 0.444444 , 
0.00151641 , 0.00303281 , 0.00303281 , 0.00454922 , 0.0717417 , 0.0985662 , 0.143236 , 0.225666 , 0.448659 , 
0.0125786 , 0.0125786 , 0.0314465 , 0.0314465 , 0.0314465 , 0.125786 , 0.125786 , 0.251572 , 0.377358 , 
0.0113636 , 0.0113636 , 0.0113636 , 0.0284091 , 0.0284091 , 0.113636 , 0.113636 , 0.340909 , 0.340909 , 
0.00183853 , 0.00183853 , 0.00459633 , 0.00459633 , 0.00459633 , 0.0183853 , 0.0183853 , 0.0367706 , 0.908993 , 
0.000236974 , 0.00123691 , 0.00246111 , 0.00488064 , 0.0109646 , 0.0212173 , 0.0484628 , 0.224019 , 0.686521 , 
0.000254504 , 0.00063626 , 0.00254504 , 0.00254504 , 0.00509008 , 0.00763512 , 0.129535 , 0.231264 , 0.620495 , 
0.00168977 , 0.00168977 , 0.00168977 , 0.00422443 , 0.00422443 , 0.0168977 , 0.0337954 , 0.0337954 , 0.901993 , 
0.0194175 , 0.0194175 , 0.0194175 , 0.0194175 , 0.0485437 , 0.0485437 , 0.0485437 , 0.194175 , 0.582524 , 
0.0510502 , 0.056194 , 0.0741392 , 0.0859379 , 0.102361 , 0.120383 , 0.135562 , 0.160509 , 0.213864 , 
9.17614e-309 , 9.17614e-309 , 2.29403e-308 , 2.29403e-308 , 9.17614e-308 , 1.83523e-307 , 0.168232 , 0.339808 , 0.491961 , 
0.000558798 , 0.000558798 , 0.00139699 , 0.00139699 , 0.00558798 , 0.00558798 , 0.0167639 , 0.262331 , 0.705818 , 
0.019802 , 0.019802 , 0.019802 , 0.049505 , 0.049505 , 0.049505 , 0.19802 , 0.19802 , 0.39604 , 
0.00119461 , 0.00238923 , 0.00358384 , 0.00358384 , 0.0732348 , 0.10221 , 0.147264 , 0.233265 , 0.433275 , 
0.0019387 , 0.0019387 , 0.0019387 , 0.00484675 , 0.00484675 , 0.019387 , 0.019387 , 0.038774 , 0.906942 , 
0.000816588 , 0.00326635 , 0.00326635 , 0.0065327 , 0.0065327 , 0.00979905 , 0.175727 , 0.273663 , 0.520397 , 
0 , 0 , 0 , 0 , 0 , 0 , 0 , 0 , 0 , 
0.0333333 , 0.0333333 , 0.0333333 , 0.0333333 , 0.0333333 , 0.0833333 , 0.0833333 , 0.333333 , 0.333333 , 
0.0169492 , 0.0169492 , 0.0169492 , 0.0677966 , 0.135593 , 0.135593 , 0.20339 , 0.20339 , 0.20339 , 
0.000951344 , 0.000951344 , 0.00237836 , 0.00237836 , 0.00951344 , 0.00951344 , 0.0190269 , 0.0285403 , 0.926747 , 
2.93133e-05 , 0.000117253 , 0.000117253 , 0.000234506 , 0.00534792 , 0.0127839 , 0.0360338 , 0.136646 , 0.80869 , 
0 , 0 , 0 , 0 , 0 , 0 , 0 , 0 , 0 , 
0.000813413 , 0.00203353 , 0.00813413 , 0.00813413 , 0.00813413 , 0.0162683 , 0.0244024 , 0.0244024 , 0.907678 , 
0.0018739 , 0.0018739 , 0.00374779 , 0.00562169 , 0.00562169 , 0.11097 , 0.156634 , 0.227988 , 0.48567 , 
0.0006835 , 0.002734 , 0.002734 , 0.005468 , 0.005468 , 0.00820201 , 0.13819 , 0.208418 , 0.628102 , 
0.000456818 , 0.0107931 , 0.0189206 , 0.0288366 , 0.0393455 , 0.0764197 , 0.119764 , 0.241898 , 0.463566 , 
0 , 0 , 0 , 0 , 0 , 0 , 0 , 0 , 0 , 
0.00144188 , 0.00144188 , 0.00288376 , 0.00432565 , 0.00432565 , 0.0820576 , 0.116722 , 0.19995 , 0.586852 , 
0 , 0 , 0 , 0 , 0 , 0 , 0 , 0 , 0 , 
0.0016599 , 0.00248986 , 0.0388072 , 0.0558852 , 0.0727023 , 0.101318 , 0.137321 , 0.217222 , 0.372595 , 
0.0212766 , 0.0212766 , 0.0212766 , 0.0851064 , 0.0851064 , 0.0851064 , 0.170213 , 0.255319 , 0.255319 , 
0.000470558 , 0.000719612 , 0.000719612 , 0.000763377 , 0.00953136 , 0.00953136 , 0.0251434 , 0.0251434 , 0.927977 , 
0.000162755 , 0.000651019 , 0.00130204 , 0.00130204 , 0.00195306 , 0.0358274 , 0.0727707 , 0.170515 , 0.715516 , 
0.000993391 , 0.0218325 , 0.0332414 , 0.0496922 , 0.0667684 , 0.0965918 , 0.139029 , 0.210773 , 0.381078 , 
6.29419e-05 , 0.000251767 , 0.000503535 , 0.000755302 , 0.0160345 , 0.0247633 , 0.0429554 , 0.0797262 , 0.834947 , 
0.0069885 , 0.0163764 , 0.0280229 , 0.0421476 , 0.0590208 , 0.0862915 , 0.141257 , 0.2022 , 0.417695 , 
0.000857093 , 0.000857093 , 0.000857093 , 0.000857093 , 0.00214273 , 0.00214273 , 0.0171419 , 0.0257128 , 0.949432 , 
0 , 0 , 0 , 0 , 0 , 0 , 0 , 0 , 0 , 
0.000694786 , 0.00173696 , 0.00173696 , 0.00694786 , 0.0138957 , 0.0138957 , 0.0208436 , 0.355386 , 0.584862 , 
0.111111 , 0.111111 , 0.111111 , 0.111111 , 0.111111 , 0.111111 , 0.111111 , 0.111111 , 0.111111 , 
0.0444444 , 0.0444444 , 0.0444444 , 0.0444444 , 0.0444444 , 0.111111 , 0.111111 , 0.111111 , 0.444444 , 
0.030303 , 0.030303 , 0.030303 , 0.0757576 , 0.0757576 , 0.0757576 , 0.0757576 , 0.30303 , 0.30303 , 
2.58961e-05 , 2.58961e-05 , 6.47403e-05 , 0.000258961 , 0.000258961 , 0.000776884 , 0.000776884 , 0.0773857 , 0.920426 , 
0.0416667 , 0.0416667 , 0.0416667 , 0.0416667 , 0.104167 , 0.104167 , 0.104167 , 0.104167 , 0.416667 , 
0.0136986 , 0.0547945 , 0.0547945 , 0.109589 , 0.109589 , 0.164384 , 0.164384 , 0.164384 , 0.164384 , 
0.0175439 , 0.0701754 , 0.0701754 , 0.0701754 , 0.140351 , 0.140351 , 0.140351 , 0.140351 , 0.210526 , 
0.000992208 , 0.00198442 , 0.00198442 , 0.0446706 , 0.0625576 , 0.0886591 , 0.138226 , 0.209615 , 0.45131 , 
0.00925011 , 0.0177222 , 0.0274822 , 0.0413944 , 0.0640554 , 0.0925066 , 0.141403 , 0.225715 , 0.380471 , 
0.0047834 , 0.0047834 , 0.0191336 , 0.0191336 , 0.0382672 , 0.0382672 , 0.0574008 , 0.0574008 , 0.76083 , 
0.00150308 , 0.00150308 , 0.00375769 , 0.00375769 , 0.0150308 , 0.0150308 , 0.0300615 , 0.0450923 , 0.884263 , 
0.00738007 , 0.00738007 , 0.00738007 , 0.0184502 , 0.0738007 , 0.221402 , 0.221402 , 0.221402 , 0.221402 , 
0.00449947 , 0.00449947 , 0.00899894 , 0.00899894 , 0.0134984 , 0.0134984 , 0.229383 , 0.295167 , 0.421456 , 
0.00113042 , 0.00226085 , 0.00339127 , 0.0569228 , 0.0788017 , 0.105481 , 0.147733 , 0.223344 , 0.380935 , 
0.00596868 , 0.0117119 , 0.0220304 , 0.0425406 , 0.0644545 , 0.0863947 , 0.133841 , 0.214146 , 0.418912 , 
0.00146707 , 0.00146707 , 0.00366767 , 0.00366767 , 0.0146707 , 0.0146707 , 0.0293413 , 0.044012 , 0.887036 , 
0.00030543 , 0.00122172 , 0.00244344 , 0.00366516 , 0.00366516 , 0.0815709 , 0.125098 , 0.205063 , 0.576967 , 
0.00086343 , 0.00172686 , 0.00259029 , 0.00259029 , 0.0571285 , 0.0830942 , 0.131781 , 0.23157 , 0.488655 , 
0.0168656 , 0.0168656 , 0.0337312 , 0.0337312 , 0.0337312 , 0.0337312 , 0.0505968 , 0.0505968 , 0.730151 , 
0.000389869 , 0.00890663 , 0.0157807 , 0.0277045 , 0.0480636 , 0.0778399 , 0.12532 , 0.225115 , 0.470879 , 
0.0434783 , 0.0869565 , 0.0869565 , 0.130435 , 0.130435 , 0.130435 , 0.130435 , 0.130435 , 0.130435 , 
0.000439856 , 0.00175942 , 0.00351885 , 0.00527827 , 0.00527827 , 0.100222 , 0.152533 , 0.255561 , 0.47541 , 
0.00126913 , 0.00126913 , 0.00317281 , 0.00317281 , 0.0126913 , 0.0126913 , 0.0253825 , 0.0380738 , 0.902277 , 
0.0103627 , 0.0103627 , 0.0103627 , 0.0103627 , 0.0259067 , 0.103627 , 0.207254 , 0.310881 , 0.310881 , 
0.000563855 , 0.00140964 , 0.00140964 , 0.00563855 , 0.0112771 , 0.0112771 , 0.0169157 , 0.282218 , 0.669291 , 
0.000139583 , 0.000558333 , 0.00111667 , 0.001675 , 0.0290551 , 0.0443643 , 0.0678819 , 0.124694 , 0.730515 , 
0 , 0 , 0 , 0 , 0 , 0 , 0 , 0 , 0 , 
7.47795e-05 , 0.000112169 , 0.00205643 , 0.00340977 , 0.00555542 , 0.0104342 , 0.022397 , 0.121417 , 0.834543 , 
0.000391122 , 0.00156449 , 0.00156449 , 0.00312898 , 0.00469347 , 0.0759958 , 0.125174 , 0.234517 , 0.55297 , 
0.000305841 , 0.000611681 , 0.000917522 , 0.0235696 , 0.0370786 , 0.0601989 , 0.116876 , 0.275959 , 0.484483 , 
1.22963e-122 , 6.21473e-113 , 2.36469e-103 , 2.46224e-93 , 7.67962e-82 , 3.92952e-68 , 2.40829e-53 , 2.21262e-34 , 1 , 
0.000248907 , 0.000622267 , 0.000622267 , 0.00248907 , 0.00248907 , 0.00497814 , 0.00746721 , 0.181294 , 0.799789 , 
0.0112994 , 0.0282486 , 0.0282486 , 0.0282486 , 0.112994 , 0.112994 , 0.112994 , 0.225989 , 0.338983 , 
0.00162899 , 0.00162899 , 0.00407247 , 0.00407247 , 0.0162899 , 0.0162899 , 0.0325798 , 0.0488697 , 0.874568 , 
0.00160724 , 0.00321448 , 0.00321448 , 0.00482171 , 0.0792676 , 0.111467 , 0.151188 , 0.228665 , 0.416554 , 
0.00431229 , 0.00431229 , 0.0172492 , 0.0172492 , 0.0172492 , 0.0344984 , 0.0344984 , 0.0517475 , 0.818884 , 
3.25525e-05 , 3.25525e-05 , 8.13813e-05 , 0.000651051 , 0.000976576 , 0.0142696 , 0.032471 , 0.12109 , 0.830395 , 
0.00038192 , 0.00152768 , 0.00152768 , 0.00305536 , 0.00458304 , 0.0853821 , 0.13537 , 0.239544 , 0.528628 , 
0.00888465 , 0.0171557 , 0.0272114 , 0.0399876 , 0.0633392 , 0.0974218 , 0.142713 , 0.220922 , 0.382365 , 
0.00089866 , 0.00089866 , 0.00089866 , 0.00224665 , 0.00224665 , 0.0089866 , 0.0179732 , 0.0269598 , 0.938891 , 
0.00164091 , 0.00328182 , 0.00328182 , 0.00492274 , 0.00492274 , 0.104564 , 0.164298 , 0.272191 , 0.440897 , 
0.000307606 , 0.0102888 , 0.0186966 , 0.0291621 , 0.0448474 , 0.0775464 , 0.125472 , 0.246696 , 0.446983 , 
0.000447253 , 0.0110382 , 0.0176876 , 0.0279963 , 0.0422659 , 0.0662775 , 0.111528 , 0.217301 , 0.505459 , 
0.000707465 , 0.00282986 , 0.00282986 , 0.00565972 , 0.00565972 , 0.00848957 , 0.170336 , 0.282547 , 0.520941 , 
0.000279306 , 0.000698265 , 0.00279306 , 0.00279306 , 0.00558612 , 0.00837917 , 0.159545 , 0.263732 , 0.556194 , 
2.183e-21 , 2.183e-21 , 2.183e-21 , 8.73198e-21 , 8.73198e-21 , 8.73198e-21 , 4.51103e-19 , 4.51103e-19 , 1 , 
0.0100503 , 0.0100503 , 0.0251256 , 0.0251256 , 0.0251256 , 0.100503 , 0.201005 , 0.301508 , 0.301508 , 
0.0204082 , 0.0204082 , 0.0204082 , 0.0204082 , 0.0510204 , 0.0510204 , 0.204082 , 0.204082 , 0.408163 , 
0.000548274 , 0.000548274 , 0.000548274 , 0.00137068 , 0.00137068 , 0.00548274 , 0.0109655 , 0.200066 , 0.7791 , 
0.0144928 , 0.0144928 , 0.0144928 , 0.0144928 , 0.0362319 , 0.0362319 , 0.144928 , 0.289855 , 0.434783 , 
0.000560557 , 0.00140139 , 0.00560557 , 0.00560557 , 0.0112111 , 0.0112111 , 0.0168167 , 0.31526 , 0.632328 , 
0 , 0 , 0 , 0 , 0 , 0 , 0 , 0 , 0 , 
0.00189719 , 0.00758877 , 0.00758877 , 0.0151775 , 0.0151775 , 0.0227663 , 0.0227663 , 0.373103 , 0.533934 , 
0.00129161 , 0.00129161 , 0.00322903 , 0.00322903 , 0.0129161 , 0.0129161 , 0.0258322 , 0.0387484 , 0.900546 , 
0.000121581 , 0.000125683 , 0.000264085 , 0.000404773 , 0.000662241 , 0.000662241 , 0.000882264 , 0.00159069 , 0.995286 , 
4.15628e-98 , 1.66251e-97 , 3.32503e-97 , 4.98754e-97 , 3.07773e-94 , 8.63576e-76 , 8.80924e-56 , 1.64914e-32 , 1 , 
0.0333333 , 0.0333333 , 0.0333333 , 0.0333333 , 0.0333333 , 0.0833333 , 0.0833333 , 0.333333 , 0.333333 , 
0.000300066 , 0.000750164 , 0.00300066 , 0.00600131 , 0.00900197 , 0.00900197 , 0.181535 , 0.281584 , 0.508825 , 
0.00159577 , 0.0301867 , 0.0434053 , 0.0593822 , 0.0796388 , 0.105144 , 0.143042 , 0.203518 , 0.334087 , 
0.000280427 , 0.000701067 , 0.00280427 , 0.00560854 , 0.00560854 , 0.00841281 , 0.14746 , 0.240148 , 0.588977 , 
1.92436e-06 , 4.81091e-06 , 1.92436e-05 , 1.92436e-05 , 3.84873e-05 , 0.00101 , 0.0044836 , 0.0378616 , 0.956561 , 
0.000277309 , 0.000693274 , 0.00277309 , 0.00277309 , 0.00554619 , 0.00831928 , 0.123237 , 0.231568 , 0.624813 , 
0.00113989 , 0.00284972 , 0.00284972 , 0.0113989 , 0.0113989 , 0.0227978 , 0.0227978 , 0.0341966 , 0.890571 , 
0.0141844 , 0.0141844 , 0.0141844 , 0.035461 , 0.035461 , 0.035461 , 0.141844 , 0.283688 , 0.425532 , 
4.15117e-06 , 6.22676e-06 , 6.22676e-06 , 0.00108357 , 0.00108357 , 0.00346821 , 0.00346821 , 0.49544 , 0.49544 , 
1.32926e-307 , 2.65852e-307 , 2.65852e-307 , 3.98778e-307 , 3.98778e-307 , 7.57408e-306 , 0.121756 , 0.328228 , 0.550016 , 
0.00229113 , 0.00229113 , 0.00343669 , 0.00343669 , 0.0681562 , 0.0898106 , 0.155999 , 0.227025 , 0.447553 , 
0.000230832 , 0.000923327 , 0.00184665 , 0.00276998 , 0.00276998 , 0.0644903 , 0.105839 , 0.195952 , 0.625177 , 
5.25994e-06 , 2.10398e-05 , 6.31193e-05 , 0.00120058 , 0.0020325 , 0.00427661 , 0.0152775 , 0.0847787 , 0.892345 , 
0.00142504 , 0.00213756 , 0.0324953 , 0.0460807 , 0.0632266 , 0.0914405 , 0.137978 , 0.216681 , 0.408535 , 
0.00171526 , 0.00171526 , 0.00428814 , 0.00428814 , 0.0171526 , 0.0171526 , 0.0343051 , 0.0343051 , 0.885078 , 
0.000360431 , 0.000901078 , 0.000901078 , 0.00360431 , 0.00360431 , 0.00720862 , 0.0108129 , 0.247305 , 0.725302 , 
0.00028038 , 0.00112152 , 0.00224304 , 0.00336456 , 0.0551112 , 0.077264 , 0.131602 , 0.230058 , 0.498955 , 
0.000198909 , 0.000795637 , 0.00159127 , 0.00238691 , 0.043749 , 0.0693127 , 0.113766 , 0.216431 , 0.551769 , 
0.00119672 , 0.00239344 , 0.00359015 , 0.0652169 , 0.0864983 , 0.116634 , 0.154344 , 0.217689 , 0.352437 , 
0.031746 , 0.031746 , 0.031746 , 0.031746 , 0.0793651 , 0.0793651 , 0.0793651 , 0.31746 , 0.31746 , 
6.76242e-05 , 0.000270497 , 0.000540993 , 0.00081149 , 0.0146255 , 0.0230076 , 0.037721 , 0.081549 , 0.841406 , 
0.00802883 , 0.0102456 , 0.0124821 , 0.0146924 , 0.0183577 , 0.0280345 , 0.0568008 , 0.158374 , 0.692984 , 
0.0196743 , 0.0332746 , 0.0486582 , 0.063092 , 0.0828688 , 0.108675 , 0.14432 , 0.19028 , 0.309157 , 
0.00078336 , 0.00078336 , 0.00078336 , 0.0019584 , 0.0078336 , 0.0156672 , 0.0235008 , 0.0235008 , 0.925189 , 
1.59756e-138 , 3.76742e-137 , 1.50032e-133 , 3.95317e-114 , 1.19668e-95 , 8.75242e-76 , 2.34737e-56 , 3.10065e-32 , 1 , 
0.00278217 , 0.00278217 , 0.00556435 , 0.00556435 , 0.00834652 , 0.129802 , 0.171222 , 0.247207 , 0.42673 , 
0.000776789 , 0.00155358 , 0.00233037 , 0.0380122 , 0.0585372 , 0.0864481 , 0.13668 , 0.215451 , 0.460211 , 
0.000474215 , 0.000474215 , 0.00118554 , 0.00118554 , 0.00474215 , 0.0094843 , 0.0094843 , 0.229776 , 0.743194 , 
0 , 0 , 0 , 0 , 0 , 0 , 0 , 0 , 0 , 
0.0833333 , 0.0833333 , 0.0833333 , 0.0833333 , 0.0833333 , 0.0833333 , 0.0833333 , 0.208333 , 0.208333 , 
0.000530873 , 0.00132718 , 0.00132718 , 0.00530873 , 0.00530873 , 0.0106175 , 0.0159262 , 0.30698 , 0.652674 , 
0.00244675 , 0.00244675 , 0.00489349 , 0.00734024 , 0.00734024 , 0.138219 , 0.185227 , 0.254672 , 0.397414 , 
0.000806188 , 0.00120928 , 0.0222175 , 0.0345772 , 0.0572091 , 0.0803289 , 0.139948 , 0.223849 , 0.439856 , 
0.00185614 , 0.00464034 , 0.00464034 , 0.00464034 , 0.0185614 , 0.0185614 , 0.0371228 , 0.0556841 , 0.854293 , 
0.025 , 0.025 , 0.025 , 0.025 , 0.025 , 0.0625 , 0.0625 , 0.25 , 0.5 , 
0.000479518 , 0.00119879 , 0.00119879 , 0.00479518 , 0.00479518 , 0.00959035 , 0.0143855 , 0.229538 , 0.734018 , 
0.0141844 , 0.0141844 , 0.0141844 , 0.035461 , 0.035461 , 0.035461 , 0.141844 , 0.283688 , 0.425532 , 
1.05611e-06 , 1.05611e-06 , 1.05611e-06 , 1.05611e-06 , 0.199999 , 0.199999 , 0.199999 , 0.199999 , 0.199999 , 
0.047619 , 0.047619 , 0.047619 , 0.047619 , 0.047619 , 0.047619 , 0.119048 , 0.119048 , 0.47619 , 
0.0127389 , 0.0318471 , 0.0318471 , 0.0318471 , 0.127389 , 0.127389 , 0.127389 , 0.254777 , 0.254777 , 
8.4568e-05 , 0.000338272 , 0.00101482 , 0.00101482 , 0.00101482 , 0.00101482 , 0.00101482 , 0.00101482 , 0.993488 , 
0.040674 , 0.0521623 , 0.0693812 , 0.0800096 , 0.0950254 , 0.11375 , 0.139135 , 0.171556 , 0.238306 , 
0.00164382 , 0.00164382 , 0.00164382 , 0.00410955 , 0.00410955 , 0.0164382 , 0.0164382 , 0.0328764 , 0.921097 , 
0.0162602 , 0.0162602 , 0.0162602 , 0.0162602 , 0.0406504 , 0.0406504 , 0.0406504 , 0.325203 , 0.487805 , 
0.000374777 , 0.0118103 , 0.0204366 , 0.0311159 , 0.0468876 , 0.0775425 , 0.126068 , 0.220653 , 0.465111 , 
2.50234e-06 , 5.00468e-06 , 0.000118529 , 0.000202496 , 0.00033497 , 0.000561799 , 0.000942636 , 0.00462455 , 0.993208 , 
0 , 0 , 0 , 0 , 0 , 0 , 0 , 0 , 0 , 
2.08883e-06 , 1.22419e-05 , 1.81338e-05 , 2.08813e-05 , 3.2522e-05 , 5.18656e-05 , 0.000136067 , 0.00120496 , 0.998521 , 
0.0235294 , 0.0235294 , 0.0235294 , 0.0235294 , 0.0235294 , 0.0588235 , 0.0588235 , 0.0588235 , 0.705882 , 
0.0105263 , 0.0105263 , 0.0105263 , 0.0105263 , 0.0105263 , 0.105263 , 0.210526 , 0.315789 , 0.315789 , 
0.000864762 , 0.000864762 , 0.00172952 , 0.00259429 , 0.0440037 , 0.0752915 , 0.124176 , 0.218482 , 0.531994 , 
0.000447179 , 0.00111795 , 0.00447179 , 0.00447179 , 0.00894358 , 0.0134154 , 0.0134154 , 0.300017 , 0.6537 , 
3.76936e-06 , 0.000185358 , 0.000256202 , 0.000257062 , 0.00052905 , 0.000594054 , 0.00120458 , 0.0046538 , 0.992316 , 
0.000130243 , 0.000260487 , 0.00039073 , 0.00691325 , 0.0106708 , 0.0175301 , 0.0316681 , 0.106321 , 0.826115 , 
0.000454377 , 0.00113594 , 0.00113594 , 0.00454377 , 0.00908753 , 0.00908753 , 0.0136313 , 0.299462 , 0.661462 , 
8.90498e-05 , 0.0001781 , 0.000267149 , 0.00633618 , 0.0105739 , 0.0201705 , 0.0341279 , 0.0795 , 0.848757 , 
0.0156724 , 0.0156724 , 0.0313448 , 0.0313448 , 0.0313448 , 0.0470172 , 0.0470172 , 0.0470172 , 0.733569 , 
0.000268533 , 0.000671333 , 0.000671333 , 0.00268533 , 0.00268533 , 0.00537066 , 0.00805599 , 0.172729 , 0.806862 , 
0.000991906 , 0.000991906 , 0.00247977 , 0.00247977 , 0.00247977 , 0.00991906 , 0.00991906 , 0.0297572 , 0.940982 , 
0.000292674 , 0.0011707 , 0.0011707 , 0.0023414 , 0.00351209 , 0.0654018 , 0.108228 , 0.197875 , 0.620008 , 
0.00368948 , 0.0053556 , 0.00712318 , 0.0106898 , 0.017486 , 0.0229882 , 0.0512742 , 0.0868881 , 0.794505 , 
0.0194175 , 0.0194175 , 0.0194175 , 0.0194175 , 0.0485437 , 0.0485437 , 0.0485437 , 0.194175 , 0.582524 , 
0.00174202 , 0.00174202 , 0.00435504 , 0.00435504 , 0.0174202 , 0.0174202 , 0.0348404 , 0.0348404 , 0.883285 , 
0.000518797 , 0.000518797 , 0.00207519 , 0.00207519 , 0.00415037 , 0.00415037 , 0.00622556 , 0.276438 , 0.703848 , 
0.00131948 , 0.00263897 , 0.00263897 , 0.00395845 , 0.0744451 , 0.10361 , 0.147769 , 0.232727 , 0.430893 , 
6.16941e-05 , 9.25411e-05 , 0.00218791 , 0.00386652 , 0.00780358 , 0.0140937 , 0.0267002 , 0.102882 , 0.842312 , 
0.00144464 , 0.00361161 , 0.00361161 , 0.0144464 , 0.0144464 , 0.0288928 , 0.0288928 , 0.0433393 , 0.861314 , 
0.000298959 , 0.00119584 , 0.00239167 , 0.00358751 , 0.0665685 , 0.0933401 , 0.143646 , 0.236003 , 0.452968 , 
2.09439e-308 , 8.37757e-308 , 8.37757e-308 , 1.67551e-307 , 2.51327e-307 , 5.3926e-306 , 0.176526 , 0.348705 , 0.474769 , 
0.000278096 , 0.00111238 , 0.00222477 , 0.00333715 , 0.0606834 , 0.0888345 , 0.134242 , 0.225072 , 0.484215 , 
0.00787402 , 0.00787402 , 0.019685 , 0.019685 , 0.0787402 , 0.15748 , 0.23622 , 0.23622 , 0.23622 , 
1.95511e-05 , 3.18465e-05 , 3.18465e-05 , 0.000344166 , 0.000344166 , 0.081162 , 0.081162 , 0.418452 , 0.418452 , 
0.00235395 , 0.00235395 , 0.0047079 , 0.00706185 , 0.00706185 , 0.13608 , 0.180425 , 0.252888 , 0.407067 , 
0.000470169 , 0.00962331 , 0.0172879 , 0.0332333 , 0.040474 , 0.0700625 , 0.0942266 , 0.15822 , 0.576402 , 
0.000478624 , 0.00119656 , 0.00478624 , 0.00478624 , 0.00957248 , 0.0143587 , 0.0143587 , 0.326453 , 0.62401 , 
0.000328601 , 0.00809535 , 0.00837187 , 0.0205446 , 0.0208882 , 0.0572434 , 0.100097 , 0.26379 , 0.520641 , 
0.00126694 , 0.00190041 , 0.0381814 , 0.0535796 , 0.0739829 , 0.101701 , 0.137992 , 0.208644 , 0.382752 , 
0.000977309 , 0.0215163 , 0.0323622 , 0.0466904 , 0.0674805 , 0.0930815 , 0.131653 , 0.211067 , 0.395172 , 
0.00384038 , 0.00768077 , 0.00768077 , 0.00768077 , 0.0115212 , 0.0115212 , 0.187216 , 0.28956 , 0.4733 , 
0.0102041 , 0.0102041 , 0.0102041 , 0.0255102 , 0.0255102 , 0.102041 , 0.204082 , 0.306122 , 0.306122 , 
0.0019387 , 0.00387739 , 0.00387739 , 0.00581609 , 0.0971811 , 0.127808 , 0.167711 , 0.232122 , 0.359669 , 
0.0121942 , 0.0221103 , 0.0345799 , 0.0488914 , 0.0690409 , 0.0917262 , 0.132224 , 0.212837 , 0.376396 , 
0.000826566 , 0.00123985 , 0.0235395 , 0.0345072 , 0.0597863 , 0.0905763 , 0.120658 , 0.169361 , 0.499505 , 
