0.000951315 , 0.00380526 , 0.00380526 , 0.00761052 , 0.00761052 , 0.0114158 , 0.145554 , 0.248236 , 0.571011 , 
0.00956957 , 0.0139245 , 0.0204982 , 0.0314725 , 0.0517065 , 0.0690269 , 0.106481 , 0.210051 , 0.48727 , 
0.00956957 , 0.0139245 , 0.0204982 , 0.0314725 , 0.0517065 , 0.0690269 , 0.106481 , 0.210051 , 0.48727 , 
0.00956957 , 0.0139245 , 0.0204982 , 0.0314725 , 0.0517065 , 0.0690269 , 0.106481 , 0.210051 , 0.48727 , 
0 , 0 , 0 , 0 , 0 , 0 , 0 , 0 , 0 , 
0.00754458 , 0.0110798 , 0.0116391 , 0.0255433 , 0.0384678 , 0.0456696 , 0.094366 , 0.273474 , 0.492216 , 
0.0037811 , 0.0075622 , 0.0113433 , 0.0113433 , 0.0113433 , 0.0113433 , 0.0113433 , 0.0113433 , 0.920597 , 
0.000229568 , 0.000369009 , 0.000370883 , 0.000481812 , 0.000658774 , 0.000860733 , 0.00245453 , 0.0541123 , 0.940462 , 
0.00179838 , 0.00179838 , 0.00719351 , 0.00719351 , 0.00719351 , 0.014387 , 0.0215805 , 0.0215805 , 0.917275 , 
0.00152584 , 0.00152584 , 0.00610336 , 0.00610336 , 0.0122067 , 0.0183101 , 0.0183101 , 0.0183101 , 0.917605 , 
0.0181818 , 0.0181818 , 0.0181818 , 0.0727273 , 0.0727273 , 0.145455 , 0.218182 , 0.218182 , 0.218182 , 
0.000411467 , 0.00164587 , 0.00329174 , 0.00329174 , 0.0049376 , 0.0716535 , 0.115144 , 0.211254 , 0.588369 , 
0.0143885 , 0.0143885 , 0.0359712 , 0.0359712 , 0.0359712 , 0.143885 , 0.143885 , 0.28777 , 0.28777 , 
0.00151057 , 0.00377642 , 0.00377642 , 0.00377642 , 0.0151057 , 0.0151057 , 0.0302113 , 0.045317 , 0.881421 , 
0.0232558 , 0.0232558 , 0.0232558 , 0.0581395 , 0.0581395 , 0.0581395 , 0.0581395 , 0.232558 , 0.465116 , 
0.0227273 , 0.0227273 , 0.0227273 , 0.0227273 , 0.0909091 , 0.0909091 , 0.181818 , 0.272727 , 0.272727 , 
0.00289042 , 0.00484566 , 0.00860118 , 0.0197689 , 0.0326908 , 0.0558275 , 0.118844 , 0.238863 , 0.517669 , 
0.00447752 , 0.00447752 , 0.00447752 , 0.0110861 , 0.0110861 , 0.0110861 , 0.31777 , 0.31777 , 0.31777 , 
0.0153846 , 0.0615385 , 0.0615385 , 0.0615385 , 0.123077 , 0.123077 , 0.184615 , 0.184615 , 0.184615 , 
0.000201343 , 0.000991774 , 0.00116942 , 0.00132435 , 0.00272467 , 0.00447563 , 0.00493828 , 0.00963143 , 0.974543 , 
0.0434783 , 0.0869565 , 0.0869565 , 0.130435 , 0.130435 , 0.130435 , 0.130435 , 0.130435 , 0.130435 , 
0.0123457 , 0.0493827 , 0.0987654 , 0.0987654 , 0.148148 , 0.148148 , 0.148148 , 0.148148 , 0.148148 , 
0.00355746 , 0.00355746 , 0.00711493 , 0.0106724 , 0.0106724 , 0.0967219 , 0.12618 , 0.263044 , 0.478479 , 
0.0010201 , 0.0010201 , 0.00255025 , 0.00255025 , 0.010201 , 0.010201 , 0.020402 , 0.030603 , 0.921452 , 
0.000924354 , 0.000924354 , 0.00369742 , 0.00369742 , 0.00739483 , 0.0110923 , 0.0110923 , 0.276165 , 0.685012 , 
0.0240964 , 0.0240964 , 0.0240964 , 0.0240964 , 0.060241 , 0.060241 , 0.060241 , 0.240964 , 0.481928 , 
0.00176766 , 0.00176766 , 0.00441916 , 0.00441916 , 0.00441916 , 0.0176766 , 0.0353533 , 0.0530299 , 0.877147 , 
0.0125786 , 0.0125786 , 0.0314465 , 0.0314465 , 0.0314465 , 0.125786 , 0.125786 , 0.251572 , 0.377358 , 
0.000276154 , 0.000414232 , 0.00697125 , 0.011791 , 0.0219343 , 0.0390788 , 0.0791485 , 0.179794 , 0.660592 , 
0.0232558 , 0.0232558 , 0.0232558 , 0.0930233 , 0.0930233 , 0.0930233 , 0.186047 , 0.186047 , 0.27907 , 
0.0833333 , 0.0833333 , 0.0833333 , 0.0833333 , 0.0833333 , 0.0833333 , 0.0833333 , 0.208333 , 0.208333 , 
0.0357143 , 0.0357143 , 0.0357143 , 0.0357143 , 0.142857 , 0.142857 , 0.142857 , 0.142857 , 0.285714 , 
0.00057396 , 0.00057396 , 0.00057396 , 0.00057396 , 0.199541 , 0.199541 , 0.199541 , 0.199541 , 0.199541 , 
0.111111 , 0.111111 , 0.111111 , 0.111111 , 0.111111 , 0.111111 , 0.111111 , 0.111111 , 0.111111 , 
0.00651385 , 0.0105534 , 0.0151086 , 0.024594 , 0.0349427 , 0.0522683 , 0.0932597 , 0.177211 , 0.585548 , 
0.0227273 , 0.0227273 , 0.0227273 , 0.0227273 , 0.0909091 , 0.0909091 , 0.181818 , 0.272727 , 0.272727 , 
0.0444444 , 0.0444444 , 0.0444444 , 0.0444444 , 0.0444444 , 0.111111 , 0.111111 , 0.111111 , 0.444444 , 
0.00109512 , 0.0016389 , 0.00268422 , 0.00462494 , 0.00509464 , 0.00534308 , 0.0166698 , 0.0475066 , 0.915343 , 
0.00120455 , 0.00256714 , 0.00538655 , 0.0109688 , 0.0145184 , 0.0202588 , 0.0672086 , 0.109002 , 0.768885 , 
0.025641 , 0.025641 , 0.025641 , 0.102564 , 0.102564 , 0.102564 , 0.102564 , 0.205128 , 0.307692 , 
0.000564878 , 0.00225951 , 0.00451902 , 0.00451902 , 0.00677853 , 0.00677853 , 0.143569 , 0.250347 , 0.580664 , 
0.000351552 , 0.0060234 , 0.0155817 , 0.0195576 , 0.036253 , 0.0612379 , 0.0889093 , 0.225715 , 0.546371 , 
0.0232558 , 0.0232558 , 0.0232558 , 0.0930233 , 0.0930233 , 0.0930233 , 0.186047 , 0.186047 , 0.27907 , 
0.00070264 , 0.00070264 , 0.00140528 , 0.00210792 , 0.0342345 , 0.0555426 , 0.0926444 , 0.200999 , 0.611661 , 
0.000873287 , 0.000873287 , 0.00349315 , 0.0069863 , 0.0069863 , 0.0104794 , 0.0104794 , 0.274637 , 0.685192 , 
0.0181818 , 0.0181818 , 0.0181818 , 0.0727273 , 0.0727273 , 0.145455 , 0.218182 , 0.218182 , 0.218182 , 
0.0392157 , 0.0392157 , 0.0392157 , 0.0980392 , 0.0980392 , 0.0980392 , 0.0980392 , 0.0980392 , 0.392157 , 
0.00757388 , 0.0151478 , 0.0151478 , 0.0227216 , 0.0227216 , 0.0227216 , 0.178568 , 0.260967 , 0.454431 , 
0.00416786 , 0.00416786 , 0.00416786 , 0.0166715 , 0.0166715 , 0.0333429 , 0.0333429 , 0.0500144 , 0.837453 , 
2.25411e-05 , 2.25411e-05 , 2.25411e-05 , 0.00185463 , 0.00185463 , 0.00185463 , 0.331456 , 0.331456 , 0.331456 , 
0.000818621 , 0.00163724 , 0.00245586 , 0.00245586 , 0.0464192 , 0.0737423 , 0.112871 , 0.229627 , 0.529973 , 
0.00915439 , 0.00915439 , 0.0137316 , 0.0137316 , 0.0137316 , 0.0137316 , 0.0137316 , 0.0137316 , 0.899302 , 
0.0454545 , 0.0454545 , 0.0909091 , 0.136364 , 0.136364 , 0.136364 , 0.136364 , 0.136364 , 0.136364 , 
0.0235902 , 0.0329123 , 0.0430992 , 0.0572737 , 0.0724486 , 0.09757 , 0.128818 , 0.194967 , 0.349321 , 
0.00109051 , 0.00272628 , 0.00272628 , 0.00272628 , 0.0109051 , 0.0218102 , 0.0218102 , 0.0327153 , 0.90349 , 
0.000926499 , 0.000926499 , 0.0205798 , 0.0273034 , 0.0431257 , 0.0625702 , 0.109108 , 0.195006 , 0.540453 , 
0.000712388 , 0.00142478 , 0.00213716 , 0.0209307 , 0.0332559 , 0.0520798 , 0.0927028 , 0.201404 , 0.595352 , 
0.00135745 , 0.00135745 , 0.00339364 , 0.00339364 , 0.0135745 , 0.0135745 , 0.0271491 , 0.0407236 , 0.895476 , 
0.0952381 , 0.0952381 , 0.0952381 , 0.0952381 , 0.0952381 , 0.0952381 , 0.0952381 , 0.0952381 , 0.238095 , 
0.031746 , 0.031746 , 0.031746 , 0.031746 , 0.0793651 , 0.0793651 , 0.0793651 , 0.31746 , 0.31746 , 
0.0172414 , 0.0172414 , 0.0689655 , 0.0689655 , 0.0689655 , 0.137931 , 0.206897 , 0.206897 , 0.206897 , 
0.0240964 , 0.0240964 , 0.0240964 , 0.0240964 , 0.060241 , 0.060241 , 0.060241 , 0.240964 , 0.481928 , 
0.0833333 , 0.0833333 , 0.0833333 , 0.0833333 , 0.0833333 , 0.0833333 , 0.0833333 , 0.208333 , 0.208333 , 
0.019802 , 0.019802 , 0.019802 , 0.049505 , 0.049505 , 0.049505 , 0.19802 , 0.19802 , 0.39604 , 
0.000692282 , 0.000822862 , 0.000935393 , 0.00114859 , 0.00260967 , 0.00567448 , 0.0179213 , 0.216691 , 0.753504 , 
0.00147397 , 0.00221095 , 0.00221095 , 0.0260366 , 0.0394643 , 0.0677236 , 0.0965879 , 0.267454 , 0.496838 , 
0 , 0 , 0 , 0 , 0 , 0 , 0 , 0 , 0 , 
0.0153846 , 0.0615385 , 0.0615385 , 0.0615385 , 0.123077 , 0.123077 , 0.184615 , 0.184615 , 0.184615 , 
0.0128205 , 0.0128205 , 0.0128205 , 0.0320513 , 0.0320513 , 0.128205 , 0.128205 , 0.25641 , 0.384615 , 
0.000564983 , 0.00657047 , 0.0107895 , 0.0185749 , 0.0259773 , 0.0330099 , 0.105996 , 0.169998 , 0.628519 , 
0.000794502 , 0.000794502 , 0.00317801 , 0.00317801 , 0.00635602 , 0.00953403 , 0.149652 , 0.244615 , 0.581897 , 
0.00170117 , 0.00170117 , 0.023022 , 0.0323358 , 0.0454339 , 0.0756596 , 0.118204 , 0.211325 , 0.490617 , 
9.41264e-05 , 9.41264e-05 , 9.41264e-05 , 0.00596588 , 0.00596588 , 0.00596588 , 0.327273 , 0.327273 , 0.327273 , 
0.00293546 , 0.00337303 , 0.00435413 , 0.0109884 , 0.0205395 , 0.0227107 , 0.119321 , 0.125474 , 0.690303 , 
0.0769231 , 0.115385 , 0.115385 , 0.115385 , 0.115385 , 0.115385 , 0.115385 , 0.115385 , 0.115385 , 
0.0125786 , 0.0125786 , 0.0314465 , 0.0314465 , 0.0314465 , 0.125786 , 0.125786 , 0.251572 , 0.377358 , 
0.0416667 , 0.0416667 , 0.0416667 , 0.0416667 , 0.104167 , 0.104167 , 0.104167 , 0.104167 , 0.416667 , 
0.00106172 , 0.0132533 , 0.0192063 , 0.0293805 , 0.0431004 , 0.0672997 , 0.106223 , 0.204307 , 0.516168 , 
0.000833644 , 0.000833644 , 0.00333458 , 0.00666915 , 0.0100037 , 0.0100037 , 0.0100037 , 0.282768 , 0.67555 , 
0.0017316 , 0.0017316 , 0.00692642 , 0.00692642 , 0.0138528 , 0.0207792 , 0.0207792 , 0.0207792 , 0.906493 , 
0 , 0 , 0 , 0 , 0 , 0 , 0 , 0 , 0 , 
0.0192308 , 0.0192308 , 0.0480769 , 0.0480769 , 0.0480769 , 0.0480769 , 0.192308 , 0.192308 , 0.384615 , 
0.0084945 , 0.0131193 , 0.0199486 , 0.0307719 , 0.0438125 , 0.0663003 , 0.110847 , 0.201311 , 0.505395 , 
0.000237652 , 0.000475305 , 0.000712957 , 0.0174373 , 0.0368867 , 0.0607863 , 0.0958073 , 0.263711 , 0.523946 , 
2.35878e-05 , 3.93445e-05 , 3.93445e-05 , 0.000497766 , 0.000497766 , 0.0173245 , 0.0173245 , 0.482127 , 0.482127 , 
0.000249211 , 0.00129718 , 0.00129718 , 0.00250206 , 0.00578456 , 0.00578456 , 0.00791872 , 0.00791872 , 0.967248 , 
0.00120154 , 0.00180231 , 0.0152791 , 0.0213545 , 0.0327764 , 0.0581282 , 0.113994 , 0.204884 , 0.55058 , 
0 , 0 , 0 , 0 , 0 , 0 , 0 , 0 , 0 , 
0.0141844 , 0.0141844 , 0.0141844 , 0.035461 , 0.035461 , 0.035461 , 0.141844 , 0.283688 , 0.425532 , 
0.0952381 , 0.0952381 , 0.0952381 , 0.0952381 , 0.0952381 , 0.0952381 , 0.0952381 , 0.0952381 , 0.238095 , 
0.00118918 , 0.00297294 , 0.00297294 , 0.00297294 , 0.0118918 , 0.0237835 , 0.0237835 , 0.0356753 , 0.894758 , 
0 , 0 , 0 , 0 , 0 , 0 , 0 , 0 , 0 , 
0.00121229 , 0.00121229 , 0.0141622 , 0.0242743 , 0.0376301 , 0.0607369 , 0.100764 , 0.203841 , 0.556166 , 
0.019802 , 0.019802 , 0.019802 , 0.049505 , 0.049505 , 0.049505 , 0.19802 , 0.19802 , 0.39604 , 
0.0169492 , 0.0169492 , 0.0169492 , 0.0169492 , 0.0423729 , 0.0423729 , 0.169492 , 0.169492 , 0.508475 , 
0.000309427 , 0.000309427 , 0.000309427 , 0.000309427 , 0.199752 , 0.199752 , 0.199752 , 0.199752 , 0.199752 , 
0.0240964 , 0.0240964 , 0.0240964 , 0.0240964 , 0.060241 , 0.060241 , 0.060241 , 0.240964 , 0.481928 , 
0.00209112 , 0.00836448 , 0.00836448 , 0.016729 , 0.016729 , 0.0250934 , 0.0250934 , 0.318643 , 0.578892 , 
0.00104185 , 0.0041674 , 0.0041674 , 0.0041674 , 0.0083348 , 0.0125022 , 0.155356 , 0.232356 , 0.577908 , 
0.00406613 , 0.00648229 , 0.0100174 , 0.0167577 , 0.02906 , 0.0480716 , 0.0902249 , 0.206961 , 0.588359 , 
0 , 0 , 0 , 0 , 0 , 0 , 0 , 0 , 0 , 
0.000581306 , 0.000871959 , 0.0109568 , 0.0234044 , 0.0350888 , 0.0458498 , 0.0745753 , 0.167014 , 0.641658 , 
0.00786227 , 0.0157245 , 0.0157245 , 0.0235868 , 0.0235868 , 0.140156 , 0.0235868 , 0.0235868 , 0.726186 , 
0.000729928 , 0.000729928 , 0.0121447 , 0.0201375 , 0.0321678 , 0.0539126 , 0.100862 , 0.193334 , 0.585982 , 
0.0217391 , 0.0543478 , 0.0543478 , 0.0543478 , 0.0543478 , 0.0543478 , 0.0543478 , 0.217391 , 0.434783 , 
0.00152815 , 0.0122995 , 0.0168828 , 0.0281886 , 0.0443281 , 0.0589575 , 0.0937525 , 0.176793 , 0.56727 , 
0.000851166 , 0.00340467 , 0.00340467 , 0.00680933 , 0.010214 , 0.010214 , 0.010214 , 0.285065 , 0.669823 , 
0.111111 , 0.111111 , 0.111111 , 0.111111 , 0.111111 , 0.111111 , 0.111111 , 0.111111 , 0.111111 , 
0.00921659 , 0.0230415 , 0.0230415 , 0.0230415 , 0.0921659 , 0.0921659 , 0.184332 , 0.276498 , 0.276498 , 
0.0101523 , 0.0253807 , 0.0253807 , 0.0253807 , 0.101523 , 0.101523 , 0.203046 , 0.203046 , 0.304569 , 
0.00144248 , 0.00288496 , 0.00432744 , 0.00432744 , 0.0475433 , 0.0700778 , 0.118919 , 0.220615 , 0.529863 , 
0.00448492 , 0.00448492 , 0.00448492 , 0.00448492 , 0.0179397 , 0.0179397 , 0.0358793 , 0.053819 , 0.856483 , 
0.0141844 , 0.0141844 , 0.0141844 , 0.035461 , 0.035461 , 0.035461 , 0.141844 , 0.283688 , 0.425532 , 
0.00862069 , 0.0215517 , 0.0215517 , 0.0862069 , 0.0862069 , 0.0862069 , 0.172414 , 0.258621 , 0.258621 , 
0.000156554 , 0.00037085 , 0.00037085 , 0.00177132 , 0.0423336 , 0.0423336 , 0.0780207 , 0.0780207 , 0.756622 , 
0.00921659 , 0.0230415 , 0.0230415 , 0.0230415 , 0.0921659 , 0.0921659 , 0.184332 , 0.276498 , 0.276498 , 
0 , 0 , 0 , 0 , 0 , 0 , 0 , 0 , 0 , 
0 , 0 , 0 , 0 , 0 , 0 , 0 , 0 , 0 , 
0.000649851 , 0.000974776 , 0.000974776 , 0.0312583 , 0.0429622 , 0.0799396 , 0.106996 , 0.262105 , 0.474139 , 
0.0952381 , 0.0952381 , 0.0952381 , 0.0952381 , 0.0952381 , 0.0952381 , 0.0952381 , 0.0952381 , 0.238095 , 
0.0151009 , 0.0242089 , 0.0365246 , 0.0439932 , 0.062606 , 0.0904455 , 0.0973395 , 0.211939 , 0.417842 , 
0.00234101 , 0.00936406 , 0.00936406 , 0.0187281 , 0.0187281 , 0.0280922 , 0.0280922 , 0.320241 , 0.565049 , 
0.000438265 , 0.00748969 , 0.0156986 , 0.0230615 , 0.0355139 , 0.0578848 , 0.105174 , 0.204368 , 0.550372 , 
0 , 0 , 0 , 0 , 0 , 0 , 0 , 0 , 0 , 
0.000769821 , 0.00192455 , 0.00192455 , 0.00769821 , 0.00769821 , 0.0153964 , 0.0230946 , 0.314202 , 0.627291 , 
0.019802 , 0.019802 , 0.019802 , 0.049505 , 0.049505 , 0.049505 , 0.19802 , 0.19802 , 0.39604 , 
0.0194175 , 0.0194175 , 0.0194175 , 0.0194175 , 0.0485437 , 0.0485437 , 0.0485437 , 0.194175 , 0.582524 , 
0.000367079 , 0.000917697 , 0.00367079 , 0.00367079 , 0.00734158 , 0.0110124 , 0.0110124 , 0.280361 , 0.681646 , 
0.0138889 , 0.0138889 , 0.0347222 , 0.0347222 , 0.0347222 , 0.0347222 , 0.138889 , 0.277778 , 0.416667 , 
0.00239419 , 0.00478839 , 0.00718258 , 0.00718258 , 0.00718258 , 0.0813697 , 0.111123 , 0.266034 , 0.512742 , 
0.0952381 , 0.0952381 , 0.0952381 , 0.0952381 , 0.0952381 , 0.0952381 , 0.0952381 , 0.0952381 , 0.238095 , 
0.00076842 , 0.00076842 , 0.00307368 , 0.00614736 , 0.00614736 , 0.00922103 , 0.145423 , 0.248242 , 0.580209 , 
0.000114411 , 0.000114411 , 0.000980509 , 0.000980509 , 0.0200059 , 0.0200059 , 0.0200059 , 0.468896 , 0.468896 , 
0.0172414 , 0.0172414 , 0.0689655 , 0.0689655 , 0.0689655 , 0.137931 , 0.206897 , 0.206897 , 0.206897 , 
0.000612951 , 0.000919426 , 0.000919426 , 0.0171878 , 0.0273195 , 0.0526311 , 0.0904638 , 0.186985 , 0.622961 , 
0.000216189 , 0.00259427 , 0.00259427 , 0.0288567 , 0.0451341 , 0.0610339 , 0.0939784 , 0.236679 , 0.528913 , 
0.08 , 0.08 , 0.12 , 0.12 , 0.12 , 0.12 , 0.12 , 0.12 , 0.12 , 
0.0192308 , 0.0192308 , 0.0480769 , 0.0480769 , 0.0480769 , 0.0480769 , 0.192308 , 0.192308 , 0.384615 , 
8.56583e-05 , 0.000330431 , 0.000330431 , 0.00102906 , 0.0179973 , 0.0179973 , 0.293438 , 0.293438 , 0.375353 , 
0.00239135 , 0.0047827 , 0.0047827 , 0.00717406 , 0.00717406 , 0.00717406 , 0.153938 , 0.260839 , 0.551744 , 
1.19644e-05 , 1.28486e-05 , 1.28486e-05 , 2.54098e-05 , 0.000449691 , 0.000449691 , 0.0343271 , 0.0343271 , 0.930383 , 
0.00351237 , 0.00351237 , 0.00526856 , 0.00526856 , 0.00526856 , 0.103039 , 0.146317 , 0.24224 , 0.485574 , 
0.000531254 , 0.00212501 , 0.00212501 , 0.00425003 , 0.00637504 , 0.00637504 , 0.00637504 , 0.245891 , 0.725953 , 
0 , 0 , 0 , 0 , 0 , 0 , 0 , 0 , 0 , 
0.0175439 , 0.0701754 , 0.0701754 , 0.0701754 , 0.0701754 , 0.140351 , 0.140351 , 0.210526 , 0.210526 , 
0.0169492 , 0.0169492 , 0.0169492 , 0.0677966 , 0.135593 , 0.135593 , 0.20339 , 0.20339 , 0.20339 , 
0 , 0 , 0 , 0 , 0 , 0 , 0 , 0 , 0 , 
0.00574862 , 0.0106338 , 0.0152138 , 0.0227992 , 0.0486498 , 0.0676333 , 0.124348 , 0.20198 , 0.502994 , 
0.00275567 , 0.00413351 , 0.00413351 , 0.0321663 , 0.0474997 , 0.0817886 , 0.118203 , 0.207722 , 0.501598 , 
0.0172414 , 0.0172414 , 0.0689655 , 0.0689655 , 0.137931 , 0.137931 , 0.137931 , 0.206897 , 0.206897 , 
0.00139181 , 0.00347953 , 0.00347953 , 0.00347953 , 0.0139181 , 0.0139181 , 0.0278363 , 0.0417544 , 0.890743 , 
0.000873599 , 0.0017472 , 0.0026208 , 0.0266063 , 0.0391636 , 0.0627255 , 0.102791 , 0.207622 , 0.55585 , 
0.000638099 , 0.000957148 , 0.000957148 , 0.0180817 , 0.0311305 , 0.0527552 , 0.092262 , 0.187491 , 0.615728 , 
0.00129708 , 0.00129708 , 0.00324271 , 0.00324271 , 0.0129708 , 0.0129708 , 0.0259417 , 0.0389125 , 0.900125 , 
0.00191702 , 0.00191702 , 0.00191702 , 0.00479256 , 0.00479256 , 0.0191702 , 0.0191702 , 0.0383404 , 0.907983 , 
0.00117031 , 0.00117031 , 0.00292577 , 0.00292577 , 0.0117031 , 0.0117031 , 0.0234062 , 0.0351093 , 0.909886 , 
0.012987 , 0.0519481 , 0.0519481 , 0.103896 , 0.155844 , 0.155844 , 0.155844 , 0.155844 , 0.155844 , 
0.000741414 , 0.00185353 , 0.00185353 , 0.00185353 , 0.00741414 , 0.0148283 , 0.0148283 , 0.303215 , 0.653413 , 
0.047619 , 0.047619 , 0.047619 , 0.047619 , 0.047619 , 0.047619 , 0.119048 , 0.119048 , 0.47619 , 
0.0454545 , 0.0454545 , 0.0909091 , 0.136364 , 0.136364 , 0.136364 , 0.136364 , 0.136364 , 0.136364 , 
0.000144138 , 0.000144138 , 0.000144138 , 0.00937612 , 0.00937612 , 0.00937612 , 0.323813 , 0.323813 , 0.323813 , 
0 , 0 , 0 , 0 , 0 , 0 , 0 , 0 , 0 , 
0.000835623 , 0.00125344 , 0.0195346 , 0.0291291 , 0.0499916 , 0.0684566 , 0.119147 , 0.187892 , 0.52376 , 
0 , 0 , 0 , 0 , 0 , 0 , 0 , 0 , 0 , 
0.0028644 , 0.0042966 , 0.0042966 , 0.0302244 , 0.0480322 , 0.0723969 , 0.116054 , 0.200711 , 0.521124 , 
0.000590583 , 0.00236233 , 0.00472466 , 0.00708699 , 0.00708699 , 0.00708699 , 0.138357 , 0.246362 , 0.586342 , 
0.000954351 , 0.00254663 , 0.0116657 , 0.0147856 , 0.0271171 , 0.0598808 , 0.0930249 , 0.257501 , 0.532524 , 
0.0833333 , 0.0833333 , 0.0833333 , 0.0833333 , 0.0833333 , 0.0833333 , 0.0833333 , 0.0833333 , 0.333333 , 
0.030303 , 0.030303 , 0.030303 , 0.0757576 , 0.0757576 , 0.0757576 , 0.0757576 , 0.30303 , 0.30303 , 
0.00484151 , 0.00484151 , 0.00726227 , 0.00726227 , 0.0553408 , 0.079924 , 0.130311 , 0.220104 , 0.490113 , 
0.000413276 , 0.0016531 , 0.0016531 , 0.00330621 , 0.00495931 , 0.0706938 , 0.114256 , 0.218515 , 0.58455 , 
0.000247314 , 0.000989258 , 0.00197852 , 0.00296777 , 0.00296777 , 0.0702697 , 0.114791 , 0.214868 , 0.590921 , 
0.000694361 , 0.00104154 , 0.0184892 , 0.0264779 , 0.0402462 , 0.0633338 , 0.10828 , 0.207814 , 0.533623 , 
0.0185185 , 0.0185185 , 0.0740741 , 0.0740741 , 0.0740741 , 0.148148 , 0.148148 , 0.222222 , 0.222222 , 
0.00154272 , 0.00385679 , 0.00385679 , 0.00385679 , 0.0154272 , 0.0154272 , 0.0308543 , 0.0462815 , 0.878897 , 
0.00188793 , 0.0249102 , 0.0287098 , 0.0325146 , 0.0455711 , 0.079558 , 0.0999897 , 0.177597 , 0.509262 , 
0.00113882 , 0.00770366 , 0.0125059 , 0.0201075 , 0.0371739 , 0.0569537 , 0.0842478 , 0.23671 , 0.543459 , 
0.00180059 , 0.00180059 , 0.0335821 , 0.0416547 , 0.0587135 , 0.0823084 , 0.125536 , 0.210672 , 0.443931 , 
0.000541305 , 0.000541305 , 0.000541305 , 0.000541305 , 0.199567 , 0.199567 , 0.199567 , 0.199567 , 0.199567 , 
0.00186941 , 0.00186941 , 0.00186941 , 0.028424 , 0.0419856 , 0.0669531 , 0.112612 , 0.203609 , 0.540808 , 
0 , 0 , 0 , 0 , 0 , 0 , 0 , 0 , 0 , 
0.00341708 , 0.00341708 , 0.0136683 , 0.0136683 , 0.0273366 , 0.0273366 , 0.0410049 , 0.0410049 , 0.829146 , 
0.0526316 , 0.0526316 , 0.0526316 , 0.105263 , 0.105263 , 0.157895 , 0.157895 , 0.157895 , 0.157895 , 
0.0606061 , 0.0606061 , 0.0606061 , 0.0606061 , 0.151515 , 0.151515 , 0.151515 , 0.151515 , 0.151515 , 
0.000271153 , 0.000271153 , 0.000271153 , 0.00737111 , 0.00737111 , 0.00737111 , 0.325691 , 0.325691 , 0.325691 , 
0.0240964 , 0.0240964 , 0.0240964 , 0.0240964 , 0.060241 , 0.060241 , 0.060241 , 0.240964 , 0.481928 , 
0 , 0 , 0 , 0 , 0 , 0 , 0 , 0 , 0 , 
0.0031045 , 0.0031045 , 0.0031045 , 0.0031045 , 0.012418 , 0.012418 , 0.024836 , 0.037254 , 0.900656 , 
9.60552e-05 , 0.000516321 , 0.000558945 , 0.00075225 , 0.00184052 , 0.00340128 , 0.00852107 , 0.00984344 , 0.97447 , 
0.025 , 0.025 , 0.025 , 0.025 , 0.025 , 0.0625 , 0.0625 , 0.25 , 0.5 , 
0.000614034 , 0.00153509 , 0.00153509 , 0.00614034 , 0.00614034 , 0.0122807 , 0.018421 , 0.289776 , 0.663557 , 
0.0188679 , 0.0754717 , 0.0754717 , 0.0754717 , 0.0754717 , 0.150943 , 0.150943 , 0.150943 , 0.226415 , 
0.00206437 , 0.00825749 , 0.00825749 , 0.016515 , 0.0247725 , 0.0247725 , 0.0247725 , 0.0247725 , 0.865816 , 
0.00215146 , 0.00215146 , 0.03235 , 0.040598 , 0.0502908 , 0.0684041 , 0.0946333 , 0.176168 , 0.533253 , 
0.0125786 , 0.0125786 , 0.0314465 , 0.0314465 , 0.0314465 , 0.125786 , 0.125786 , 0.251572 , 0.377358 , 
0.00148461 , 0.00148461 , 0.00593844 , 0.00593844 , 0.0118769 , 0.0178153 , 0.0178153 , 0.298353 , 0.639293 , 
0.000740897 , 0.000776349 , 0.00157325 , 0.00296603 , 0.0036602 , 0.00624066 , 0.00666776 , 0.0467177 , 0.930657 , 
0.00997564 , 0.00997564 , 0.00997564 , 0.00997564 , 0.00997564 , 0.00997564 , 0.00997564 , 0.333099 , 0.597071 , 
0.000651362 , 0.000651362 , 0.010569 , 0.0179156 , 0.0351002 , 0.0607467 , 0.111137 , 0.208544 , 0.554685 , 
0.000285166 , 0.000285166 , 0.000285166 , 0.00907888 , 0.0151459 , 0.0331247 , 0.0739689 , 0.214415 , 0.653411 , 
0.0125786 , 0.0125786 , 0.0314465 , 0.0314465 , 0.0314465 , 0.125786 , 0.125786 , 0.251572 , 0.377358 , 
0.0033624 , 0.0033624 , 0.0033624 , 0.0134496 , 0.0134496 , 0.0268992 , 0.0268992 , 0.0403489 , 0.868866 , 
0 , 0 , 0 , 0 , 0 , 0 , 0 , 0 , 0 , 
0.000964928 , 0.00385971 , 0.00385971 , 0.00771943 , 0.00771943 , 0.0115791 , 0.159504 , 0.256632 , 0.548162 , 
0.000490251 , 0.00147075 , 0.00147075 , 0.0178665 , 0.0286209 , 0.04741 , 0.092445 , 0.210543 , 0.599682 , 
4.52399e-06 , 0.000275638 , 0.000517154 , 0.000550183 , 0.000772422 , 0.00132888 , 0.00236737 , 0.0619428 , 0.932241 , 
0.0018613 , 0.00482691 , 0.00735381 , 0.0137187 , 0.0246808 , 0.0493789 , 0.0767143 , 0.250645 , 0.57082 , 
0 , 0 , 0 , 0 , 0 , 0 , 0 , 0 , 0 , 
0.0204082 , 0.0204082 , 0.0204082 , 0.0204082 , 0.0510204 , 0.0510204 , 0.204082 , 0.204082 , 0.408163 , 
0.00333708 , 0.00333708 , 0.00667416 , 0.0100112 , 0.0100112 , 0.0100112 , 0.138209 , 0.253259 , 0.565149 , 
0.000774257 , 0.000774257 , 0.00309703 , 0.00309703 , 0.00619406 , 0.00929109 , 0.137017 , 0.24178 , 0.597976 , 
0.00172122 , 0.00172122 , 0.0068849 , 0.0068849 , 0.0137698 , 0.0137698 , 0.0206547 , 0.330575 , 0.604019 , 
0.0128205 , 0.0128205 , 0.0128205 , 0.0320513 , 0.0320513 , 0.128205 , 0.128205 , 0.25641 , 0.384615 , 
0.00281269 , 0.00281269 , 0.00281269 , 0.0348983 , 0.00281269 , 0.0792984 , 0.126812 , 0.217116 , 0.530625 , 
0.00107499 , 0.00107499 , 0.00268747 , 0.00268747 , 0.0107499 , 0.0107499 , 0.0214998 , 0.0322497 , 0.917226 , 
0.0232558 , 0.0232558 , 0.0232558 , 0.0581395 , 0.0581395 , 0.0581395 , 0.0581395 , 0.232558 , 0.465116 , 
0.00142108 , 0.00142108 , 0.00355271 , 0.00355271 , 0.0142108 , 0.0142108 , 0.0284217 , 0.0426325 , 0.890577 , 
0.00378685 , 0.00378685 , 0.00568028 , 0.00568028 , 0.00568028 , 0.0895047 , 0.137836 , 0.232992 , 0.515053 , 
0.00162456 , 0.00162456 , 0.0162807 , 0.0235692 , 0.0374884 , 0.05865 , 0.0970394 , 0.201213 , 0.56251 , 
0.00120802 , 0.00181203 , 0.00181203 , 0.0262929 , 0.0461114 , 0.0720381 , 0.113108 , 0.201552 , 0.536066 , 
0.000502832 , 0.000983074 , 0.00166146 , 0.00196328 , 0.00213804 , 0.00829205 , 0.0479148 , 0.404952 , 0.531592 , 
0 , 0 , 0 , 0 , 0 , 0 , 0 , 0 , 0 , 
0.00735294 , 0.0183824 , 0.0183824 , 0.0735294 , 0.0735294 , 0.147059 , 0.220588 , 0.220588 , 0.220588 , 
0.00574395 , 0.00574395 , 0.00574395 , 0.00708496 , 0.00708496 , 0.00708496 , 0.320504 , 0.320504 , 0.320504 , 
0.000888212 , 0.00880374 , 0.0138234 , 0.0204001 , 0.0297993 , 0.0549833 , 0.0950141 , 0.208328 , 0.56796 , 
0.00355656 , 0.00029638 , 0.0291322 , 0.0306263 , 0.048582 , 0.0675864 , 0.0898575 , 0.142988 , 0.587375 , 
0.00270545 , 0.00270545 , 0.00541091 , 0.00811636 , 0.00811636 , 0.00811636 , 0.138708 , 0.239706 , 0.586415 , 
0.00307381 , 0.00461071 , 0.00461071 , 0.00461071 , 0.0656734 , 0.0936513 , 0.132218 , 0.225303 , 0.466249 , 
0.047619 , 0.047619 , 0.047619 , 0.047619 , 0.047619 , 0.047619 , 0.119048 , 0.119048 , 0.47619 , 
0.00184078 , 0.00736311 , 0.00736311 , 0.0147262 , 0.0147262 , 0.0220893 , 0.0220893 , 0.311571 , 0.598231 , 
0.0141844 , 0.0141844 , 0.0141844 , 0.035461 , 0.035461 , 0.035461 , 0.141844 , 0.283688 , 0.425532 , 
0.0141844 , 0.0141844 , 0.0141844 , 0.035461 , 0.035461 , 0.035461 , 0.141844 , 0.283688 , 0.425532 , 
0.000999472 , 0.00249868 , 0.00249868 , 0.00999472 , 0.00999472 , 0.0199894 , 0.0299842 , 0.0299842 , 0.894056 , 
0.000102817 , 0.00113208 , 0.00249754 , 0.00460334 , 0.00949991 , 0.0199911 , 0.0559353 , 0.155929 , 0.750309 , 
0 , 0 , 0 , 0 , 0 , 0 , 0 , 0 , 0 , 
0.025641 , 0.025641 , 0.025641 , 0.102564 , 0.102564 , 0.102564 , 0.102564 , 0.205128 , 0.307692 , 
0.0169492 , 0.0169492 , 0.0169492 , 0.0169492 , 0.0423729 , 0.0423729 , 0.169492 , 0.169492 , 0.508475 , 
0.012987 , 0.0519481 , 0.0519481 , 0.103896 , 0.155844 , 0.155844 , 0.155844 , 0.155844 , 0.155844 , 
0.0204082 , 0.0204082 , 0.0204082 , 0.0204082 , 0.0510204 , 0.0510204 , 0.204082 , 0.204082 , 0.408163 , 
0.00299527 , 0.00726397 , 0.0186776 , 0.0252896 , 0.0481114 , 0.0690025 , 0.0871192 , 0.217518 , 0.524023 , 
0 , 0 , 0 , 0 , 0 , 0 , 0 , 0 , 0 , 
0.00124775 , 0.00249549 , 0.00374324 , 0.00374324 , 0.00374324 , 0.0697087 , 0.122613 , 0.207113 , 0.585591 , 
0.00507141 , 0.0377694 , 0.0473346 , 0.0584079 , 0.07646 , 0.0874806 , 0.114286 , 0.169264 , 0.403926 , 
0.111111 , 0.111111 , 0.111111 , 0.111111 , 0.111111 , 0.111111 , 0.111111 , 0.111111 , 0.111111 , 
0.00862631 , 0.0129838 , 0.0174802 , 0.0354459 , 0.0592181 , 0.071269 , 0.113325 , 0.187783 , 0.493869 , 
0.0125786 , 0.0125786 , 0.0314465 , 0.0314465 , 0.0314465 , 0.125786 , 0.125786 , 0.251572 , 0.377358 , 
0.00934579 , 0.00934579 , 0.0233645 , 0.0233645 , 0.0934579 , 0.0934579 , 0.186916 , 0.280374 , 0.280374 , 
0.0141844 , 0.0141844 , 0.0141844 , 0.035461 , 0.035461 , 0.035461 , 0.141844 , 0.283688 , 0.425532 , 
0.00058012 , 0.0014503 , 0.0014503 , 0.0058012 , 0.0058012 , 0.0116024 , 0.0174036 , 0.309096 , 0.646815 , 
0.00100428 , 0.00200856 , 0.00301284 , 0.00301284 , 0.0497468 , 0.0743525 , 0.118027 , 0.213353 , 0.535483 , 
0.010989 , 0.0274725 , 0.0274725 , 0.0274725 , 0.0274725 , 0.10989 , 0.21978 , 0.21978 , 0.32967 , 
0.00356407 , 0.00356407 , 0.0289314 , 0.0332244 , 0.049097 , 0.0504449 , 0.107783 , 0.182228 , 0.541163 , 
0.00454154 , 0.00454154 , 0.0181662 , 0.0181662 , 0.0363323 , 0.0363323 , 0.0544985 , 0.0544985 , 0.772923 , 
0.00297252 , 0.00508666 , 0.00935204 , 0.0216601 , 0.035902 , 0.0665258 , 0.0813067 , 0.233394 , 0.5438 , 
0.000895285 , 0.000895285 , 0.00179057 , 0.00268586 , 0.0343137 , 0.0509999 , 0.0958781 , 0.188 , 0.624542 , 
0.00013893 , 0.000250679 , 0.000250679 , 0.000614262 , 0.000614262 , 0.00752389 , 0.00752389 , 0.491542 , 0.491542 , 
0.000250709 , 0.000376063 , 0.00674243 , 0.0115976 , 0.0209102 , 0.0393572 , 0.0799795 , 0.195904 , 0.644882 , 
0.111111 , 0.111111 , 0.111111 , 0.111111 , 0.111111 , 0.111111 , 0.111111 , 0.111111 , 0.111111 , 
0.0333333 , 0.0333333 , 0.0333333 , 0.0333333 , 0.0333333 , 0.0833333 , 0.0833333 , 0.333333 , 0.333333 , 
0.0047684 , 0.00718497 , 0.0195451 , 0.0270901 , 0.0334514 , 0.0732149 , 0.102022 , 0.179298 , 0.553425 , 
0.00921659 , 0.0230415 , 0.0230415 , 0.0230415 , 0.0921659 , 0.0921659 , 0.184332 , 0.276498 , 0.276498 , 
0 , 0 , 0 , 0 , 0 , 0 , 0 , 0 , 0 , 
0.00199181 , 0.00199181 , 0.00398361 , 0.00398361 , 0.00597542 , 0.0807088 , 0.129777 , 0.222654 , 0.548934 , 
0.019802 , 0.019802 , 0.019802 , 0.049505 , 0.049505 , 0.049505 , 0.19802 , 0.19802 , 0.39604 , 
0.00200907 , 0.00200907 , 0.016725 , 0.0198863 , 0.00200907 , 0.00200907 , 0.00200907 , 0.00200907 , 0.951334 , 
0.0240964 , 0.0240964 , 0.0240964 , 0.0240964 , 0.060241 , 0.060241 , 0.060241 , 0.240964 , 0.481928 , 
0.00275604 , 0.00275604 , 0.00275604 , 0.0110242 , 0.0110242 , 0.0220484 , 0.0330725 , 0.0330725 , 0.88149 , 
0.00203754 , 0.00400944 , 0.00850606 , 0.0122363 , 0.0230652 , 0.0432257 , 0.0730312 , 0.191165 , 0.642723 , 
0 , 0 , 0 , 0 , 0 , 0 , 0 , 0 , 0 , 
0.0232558 , 0.0232558 , 0.0232558 , 0.0581395 , 0.0581395 , 0.0581395 , 0.0581395 , 0.232558 , 0.465116 , 
0.00132113 , 0.0019817 , 0.0019817 , 0.0283922 , 0.0404573 , 0.0668108 , 0.11444 , 0.222502 , 0.522112 , 
0.0005908 , 0.00617978 , 0.0101747 , 0.0155194 , 0.0310711 , 0.0471774 , 0.09865 , 0.203298 , 0.587339 , 
0.0952381 , 0.0952381 , 0.0952381 , 0.0952381 , 0.0952381 , 0.0952381 , 0.0952381 , 0.0952381 , 0.238095 , 
0 , 0 , 0 , 0 , 0 , 0 , 0 , 0 , 0 , 
0.000401499 , 0.00069457 , 0.000744372 , 0.000884357 , 0.00286883 , 0.0063247 , 0.0230559 , 0.323722 , 0.641303 , 
0.00417147 , 0.00610698 , 0.0110717 , 0.0186231 , 0.0245858 , 0.0344466 , 0.079986 , 0.112918 , 0.708091 , 
0.0137647 , 0.015274 , 0.0221031 , 0.0300854 , 0.0398731 , 0.0557899 , 0.125877 , 0.173315 , 0.523917 , 
0 , 0 , 0 , 0 , 0 , 0 , 0 , 0 , 0 , 
0.00422142 , 0.00730923 , 0.0103757 , 0.0123448 , 0.0170229 , 0.0254444 , 0.032392 , 0.064724 , 0.826165 , 
0.0185185 , 0.0185185 , 0.0740741 , 0.0740741 , 0.0740741 , 0.148148 , 0.148148 , 0.222222 , 0.222222 , 
0.000949195 , 0.00237299 , 0.00237299 , 0.00949195 , 0.00949195 , 0.0189839 , 0.0284758 , 0.0284758 , 0.899385 , 
0.000786058 , 0.00117909 , 0.0131689 , 0.0193778 , 0.0344813 , 0.0531382 , 0.0939561 , 0.200142 , 0.58377 , 
0.019802 , 0.019802 , 0.019802 , 0.049505 , 0.049505 , 0.049505 , 0.19802 , 0.19802 , 0.39604 , 
0.000256143 , 0.00102457 , 0.00204914 , 0.00307371 , 0.00307371 , 0.0607025 , 0.104203 , 0.218571 , 0.607046 , 
0.00100273 , 0.00100273 , 0.0052779 , 0.00690834 , 0.0146968 , 0.0329415 , 0.0466664 , 0.0594451 , 0.832059 , 
0.00785845 , 0.0142625 , 0.0212606 , 0.0317121 , 0.0459783 , 0.0753084 , 0.115449 , 0.210143 , 0.478027 , 
0.0232558 , 0.0232558 , 0.0232558 , 0.0581395 , 0.0581395 , 0.0581395 , 0.0581395 , 0.232558 , 0.465116 , 
0.00157055 , 0.00314109 , 0.00471164 , 0.00471164 , 0.00471164 , 0.0726436 , 0.128285 , 0.220828 , 0.559397 , 
0.000907125 , 0.00181425 , 0.00272138 , 0.0301988 , 0.00272138 , 0.0643112 , 0.110968 , 0.222372 , 0.563986 , 
0.00261416 , 0.00529069 , 0.00890072 , 0.0142126 , 0.0244805 , 0.0389747 , 0.0952325 , 0.226195 , 0.5841 , 
0.00368132 , 0.00821075 , 0.0103253 , 0.016551 , 0.0385622 , 0.0637486 , 0.127808 , 0.182652 , 0.548462 , 
0.0833333 , 0.0833333 , 0.0833333 , 0.0833333 , 0.0833333 , 0.0833333 , 0.0833333 , 0.208333 , 0.208333 , 
0.0952381 , 0.0952381 , 0.0952381 , 0.0952381 , 0.0952381 , 0.0952381 , 0.0952381 , 0.0952381 , 0.238095 , 
0.00190147 , 0.00190147 , 0.00760589 , 0.00760589 , 0.0152118 , 0.0228177 , 0.0228177 , 0.0228177 , 0.897321 , 
0.00255358 , 0.0102143 , 0.0102143 , 0.0204287 , 0.0204287 , 0.030643 , 0.030643 , 0.030643 , 0.844231 , 
0.0128205 , 0.0128205 , 0.0128205 , 0.0320513 , 0.0320513 , 0.128205 , 0.128205 , 0.25641 , 0.384615 , 
0.00768026 , 0.0115242 , 0.0141326 , 0.0196242 , 0.0385781 , 0.0476072 , 0.0519386 , 0.24969 , 0.559225 , 
0.000925412 , 0.000925412 , 0.00231353 , 0.00231353 , 0.00925412 , 0.0185082 , 0.0185082 , 0.0277624 , 0.919489 , 
0.0144928 , 0.057971 , 0.057971 , 0.057971 , 0.115942 , 0.173913 , 0.173913 , 0.173913 , 0.173913 , 
0.0333333 , 0.0333333 , 0.0333333 , 0.0333333 , 0.0333333 , 0.0833333 , 0.0833333 , 0.333333 , 0.333333 , 
0.00102379 , 0.00102379 , 0.00255947 , 0.00255947 , 0.0102379 , 0.0102379 , 0.0204758 , 0.0307137 , 0.921168 , 
0.00110224 , 0.00110224 , 0.0027556 , 0.0027556 , 0.0110224 , 0.0110224 , 0.0220448 , 0.0330672 , 0.915128 , 
0.000638849 , 0.0012777 , 0.00191655 , 0.0211624 , 0.0338634 , 0.0556269 , 0.101446 , 0.219539 , 0.56453 , 
0.0212766 , 0.0212766 , 0.0212766 , 0.0851064 , 0.0851064 , 0.0851064 , 0.170213 , 0.255319 , 0.255319 , 
0.111111 , 0.111111 , 0.111111 , 0.111111 , 0.111111 , 0.111111 , 0.111111 , 0.111111 , 0.111111 , 
0.0833333 , 0.0833333 , 0.0833333 , 0.0833333 , 0.0833333 , 0.0833333 , 0.0833333 , 0.208333 , 0.208333 , 
0.00553871 , 0.00816871 , 0.0126329 , 0.0268544 , 0.0343704 , 0.0426389 , 0.0851446 , 0.193883 , 0.590769 , 
0.00215115 , 0.0043023 , 0.00645346 , 0.00645346 , 0.00645346 , 0.103303 , 0.146781 , 0.237921 , 0.486181 , 
0.000620156 , 0.00248063 , 0.00248063 , 0.00496125 , 0.00744188 , 0.0793816 , 0.126391 , 0.225401 , 0.550842 , 
0.00921659 , 0.0230415 , 0.0230415 , 0.0230415 , 0.0921659 , 0.0921659 , 0.184332 , 0.276498 , 0.276498 , 
0 , 0 , 0 , 0 , 0 , 0 , 0 , 0 , 0 , 
0.000376176 , 0.0015047 , 0.00300941 , 0.00451411 , 0.00451411 , 0.0703885 , 0.115884 , 0.23148 , 0.56833 , 
0.0125786 , 0.0125786 , 0.0314465 , 0.0314465 , 0.0314465 , 0.125786 , 0.125786 , 0.251572 , 0.377358 , 
0.00559302 , 0.00994275 , 0.0164011 , 0.0255043 , 0.046216 , 0.0721053 , 0.111996 , 0.199189 , 0.513052 , 
0.00437093 , 0.0114531 , 0.0201016 , 0.0448185 , 0.0619025 , 0.0631405 , 0.145655 , 0.227365 , 0.421193 , 
0.00486319 , 0.00732494 , 0.0118222 , 0.0211534 , 0.0304648 , 0.0519165 , 0.101005 , 0.210708 , 0.560742 , 
0.00810128 , 0.0131259 , 0.0226512 , 0.030266 , 0.047295 , 0.0925335 , 0.110682 , 0.206982 , 0.468364 , 
0.00121237 , 0.00303093 , 0.00303093 , 0.00303093 , 0.0121237 , 0.0242474 , 0.0242474 , 0.0363711 , 0.892705 , 
0.000826597 , 0.000826597 , 0.00330639 , 0.00330639 , 0.00661277 , 0.00991916 , 0.138705 , 0.241809 , 0.594688 , 
0.000941214 , 0.00376485 , 0.00376485 , 0.00752971 , 0.0112946 , 0.0112946 , 0.0112946 , 0.285453 , 0.664663 , 
0.0277778 , 0.0277778 , 0.0277778 , 0.0277778 , 0.111111 , 0.111111 , 0.111111 , 0.222222 , 0.333333 , 
0.0232558 , 0.0232558 , 0.0232558 , 0.0581395 , 0.0581395 , 0.0581395 , 0.0581395 , 0.232558 , 0.465116 , 
0.0186916 , 0.046729 , 0.046729 , 0.046729 , 0.046729 , 0.046729 , 0.186916 , 0.186916 , 0.373832 , 
0 , 0 , 0 , 0 , 0 , 0 , 0 , 0 , 0 , 
0.00309959 , 0.00309959 , 0.00309959 , 0.00309959 , 0.19752 , 0.19752 , 0.19752 , 0.19752 , 0.19752 , 
0 , 0 , 0 , 0 , 0 , 0 , 0 , 0 , 0 , 
7.55359e-06 , 0.000212339 , 0.000212339 , 0.000349174 , 0.00319769 , 0.00319769 , 0.0660156 , 0.0660156 , 0.860792 , 
0.00246727 , 0.00370091 , 0.00370091 , 0.00370091 , 0.0527949 , 0.0808874 , 0.126863 , 0.215743 , 0.510142 , 
0.0833333 , 0.0833333 , 0.0833333 , 0.0833333 , 0.0833333 , 0.0833333 , 0.0833333 , 0.208333 , 0.208333 , 
0.00171303 , 0.00171303 , 0.00256954 , 0.00256954 , 0.0384387 , 0.0646795 , 0.108946 , 0.211426 , 0.567945 , 
0.000941351 , 0.0114676 , 0.0166044 , 0.0285862 , 0.039969 , 0.0585382 , 0.0981822 , 0.204637 , 0.541074 , 
0.0128205 , 0.0128205 , 0.0128205 , 0.0320513 , 0.0320513 , 0.128205 , 0.128205 , 0.25641 , 0.384615 , 
0.0100503 , 0.0100503 , 0.0251256 , 0.0251256 , 0.0251256 , 0.100503 , 0.201005 , 0.301508 , 0.301508 , 
0.00250318 , 0.00406772 , 0.00628561 , 0.00681239 , 0.00804024 , 0.00987285 , 0.0112522 , 0.049609 , 0.901557 , 
0.00131145 , 0.00131145 , 0.00327863 , 0.00327863 , 0.0131145 , 0.0131145 , 0.0262291 , 0.0393436 , 0.899018 , 
0.00133248 , 0.00133248 , 0.0033312 , 0.0033312 , 0.0133248 , 0.0133248 , 0.0266496 , 0.0399745 , 0.897399 , 
0.0111732 , 0.0111732 , 0.027933 , 0.027933 , 0.027933 , 0.111732 , 0.223464 , 0.223464 , 0.335196 , 
0.0133209 , 0.0230618 , 0.0329994 , 0.0449215 , 0.0603392 , 0.0808189 , 0.126142 , 0.217423 , 0.400973 , 
0.000368504 , 0.000737007 , 0.00110551 , 0.0173477 , 0.0289963 , 0.045902 , 0.090313 , 0.186251 , 0.628979 , 
0.0141844 , 0.0141844 , 0.0141844 , 0.035461 , 0.035461 , 0.035461 , 0.141844 , 0.283688 , 0.425532 , 
0.00052965 , 0.00132951 , 0.00153452 , 0.00399802 , 0.00612155 , 0.00710955 , 0.0271068 , 0.11181 , 0.84046 , 
0.00408827 , 0.00817654 , 0.00817654 , 0.0122648 , 0.0122648 , 0.108566 , 0.151148 , 0.239763 , 0.455552 , 
0.0666667 , 0.0666667 , 0.0666667 , 0.0666667 , 0.0666667 , 0.166667 , 0.166667 , 0.166667 , 0.166667 , 
0.111111 , 0.111111 , 0.111111 , 0.111111 , 0.111111 , 0.111111 , 0.111111 , 0.111111 , 0.111111 , 
0.00128814 , 0.00245888 , 0.00466751 , 0.00902604 , 0.0176154 , 0.0339966 , 0.0697274 , 0.170171 , 0.691049 , 
5.71028e-06 , 5.71028e-06 , 5.71028e-06 , 5.71028e-06 , 5.71028e-06 , 5.71028e-06 , 5.71028e-06 , 5.71028e-06 , 0.999954 , 
0.0186916 , 0.046729 , 0.046729 , 0.046729 , 0.046729 , 0.046729 , 0.186916 , 0.186916 , 0.373832 , 
0.0172414 , 0.0172414 , 0.0689655 , 0.0689655 , 0.0689655 , 0.137931 , 0.206897 , 0.206897 , 0.206897 , 
0.000985338 , 0.00246335 , 0.00246335 , 0.00985338 , 0.00985338 , 0.0197068 , 0.0295601 , 0.0295601 , 0.895554 , 
7.6754e-05 , 0.000195063 , 0.000195063 , 0.00111363 , 0.0357199 , 0.0357199 , 0.0600537 , 0.0600537 , 0.806872 , 
0.0128205 , 0.0128205 , 0.0128205 , 0.0320513 , 0.0320513 , 0.128205 , 0.128205 , 0.25641 , 0.384615 , 
0.000569421 , 0.00227769 , 0.00455537 , 0.00455537 , 0.00683306 , 0.0825208 , 0.122426 , 0.223159 , 0.553104 , 
0.00263335 , 0.00263335 , 0.0105334 , 0.0105334 , 0.0210668 , 0.0210668 , 0.0316002 , 0.323609 , 0.576323 , 
0.00162199 , 0.00405498 , 0.00405498 , 0.00405498 , 0.0162199 , 0.0162199 , 0.0324398 , 0.0486598 , 0.872674 , 
0 , 0 , 0 , 0 , 0 , 0 , 0 , 0 , 0 , 
0.00131229 , 0.00131229 , 0.0137518 , 0.0198869 , 0.0331231 , 0.0528109 , 0.0910684 , 0.20126 , 0.585474 , 
0.00735294 , 0.0183824 , 0.0183824 , 0.0735294 , 0.0735294 , 0.147059 , 0.220588 , 0.220588 , 0.220588 , 
0.000660431 , 0.00132086 , 0.00198129 , 0.023495 , 0.0356235 , 0.0570933 , 0.0983695 , 0.218882 , 0.562574 , 
0.000668457 , 0.00267383 , 0.00267383 , 0.00534765 , 0.00802148 , 0.00802148 , 0.131016 , 0.221339 , 0.620238 , 
0.00258414 , 0.00258414 , 0.0218388 , 0.03282 , 0.0500458 , 0.069158 , 0.104588 , 0.208444 , 0.507937 , 
0.0444444 , 0.0444444 , 0.0444444 , 0.0444444 , 0.0444444 , 0.111111 , 0.111111 , 0.111111 , 0.444444 , 
0.0209233 , 0.0260598 , 0.0336813 , 0.0441145 , 0.0583846 , 0.0724061 , 0.134853 , 0.209868 , 0.399708 , 
0.00232697 , 0.00232697 , 0.00465394 , 0.00698091 , 0.00698091 , 0.0802435 , 0.143811 , 0.242724 , 0.509951 , 
0.0333333 , 0.0333333 , 0.0333333 , 0.0333333 , 0.0333333 , 0.0833333 , 0.0833333 , 0.333333 , 0.333333 , 
0.047619 , 0.047619 , 0.047619 , 0.047619 , 0.047619 , 0.047619 , 0.119048 , 0.119048 , 0.47619 , 
0.0110621 , 0.0147149 , 0.0204702 , 0.0312 , 0.0513989 , 0.0650016 , 0.115142 , 0.194985 , 0.496025 , 
0.00107579 , 0.00107579 , 0.00268949 , 0.00268949 , 0.0107579 , 0.0107579 , 0.0215159 , 0.0322738 , 0.917164 , 
0.0111732 , 0.0111732 , 0.027933 , 0.027933 , 0.027933 , 0.111732 , 0.223464 , 0.223464 , 0.335196 , 
0.00192863 , 0.00192863 , 0.00192863 , 0.00482159 , 0.00482159 , 0.0192863 , 0.0192863 , 0.0385727 , 0.907426 , 
0.000765249 , 0.00191312 , 0.00191312 , 0.00765249 , 0.00765249 , 0.015305 , 0.0229575 , 0.0229575 , 0.918884 , 
0.00169294 , 0.00169294 , 0.00169294 , 0.00423236 , 0.00423236 , 0.0169294 , 0.0169294 , 0.0338589 , 0.918739 , 
0.0192308 , 0.0192308 , 0.0480769 , 0.0480769 , 0.0480769 , 0.0480769 , 0.192308 , 0.192308 , 0.384615 , 
0.0185185 , 0.0185185 , 0.0740741 , 0.0740741 , 0.0740741 , 0.148148 , 0.148148 , 0.222222 , 0.222222 , 
0.0151515 , 0.0151515 , 0.0606061 , 0.0606061 , 0.121212 , 0.181818 , 0.181818 , 0.181818 , 0.181818 , 
0.00312469 , 0.00637532 , 0.010357 , 0.0243892 , 0.0355049 , 0.0531652 , 0.0863941 , 0.209964 , 0.570725 , 
0.00278841 , 0.00278841 , 0.0111536 , 0.0111536 , 0.0223073 , 0.0223073 , 0.0334609 , 0.323712 , 0.570328 , 
0.00312797 , 0.00894909 , 0.0129196 , 0.0223052 , 0.0330669 , 0.0559696 , 0.134293 , 0.184082 , 0.545286 , 
0.00111381 , 0.011463 , 0.0164368 , 0.0261853 , 0.0376643 , 0.0644192 , 0.110301 , 0.201262 , 0.531154 , 
0.00497809 , 0.0118715 , 0.0173398 , 0.0268221 , 0.0422385 , 0.066889 , 0.144642 , 0.192585 , 0.492633 , 
0.00143759 , 0.00143759 , 0.00359397 , 0.00359397 , 0.00359397 , 0.0143759 , 0.0287518 , 0.0431276 , 0.900088 , 
0.0101759 , 0.0153131 , 0.0217003 , 0.0259197 , 0.0491354 , 0.0814529 , 0.114459 , 0.193276 , 0.488568 , 
0.00178115 , 0.00178115 , 0.00445288 , 0.00445288 , 0.0178115 , 0.0178115 , 0.035623 , 0.0534345 , 0.862851 , 
0.0416667 , 0.0416667 , 0.0416667 , 0.0416667 , 0.104167 , 0.104167 , 0.104167 , 0.104167 , 0.416667 , 
0.111111 , 0.111111 , 0.111111 , 0.111111 , 0.111111 , 0.111111 , 0.111111 , 0.111111 , 0.111111 , 
0.0444444 , 0.0444444 , 0.0444444 , 0.0444444 , 0.0444444 , 0.111111 , 0.111111 , 0.111111 , 0.444444 , 
0.003246 , 0.006492 , 0.006492 , 0.009738 , 0.009738 , 0.0903775 , 0.135125 , 0.23588 , 0.502911 , 
0.00128498 , 0.00256995 , 0.00256995 , 0.00385493 , 0.0513586 , 0.0753378 , 0.124727 , 0.211244 , 0.527053 , 
0.000693397 , 0.000693397 , 0.0122149 , 0.01972 , 0.0288741 , 0.0502884 , 0.091161 , 0.206885 , 0.58947 , 
0.010223 , 0.0157793 , 0.0240034 , 0.0332973 , 0.0465666 , 0.0664141 , 0.111201 , 0.208277 , 0.484239 , 
