0.000359388 , 0.00801281 , 0.0212782 , 0.0319783 , 0.0390207 , 0.0517192 , 0.0819736 , 0.113818 , 0.65184 , 
0.00348488 , 0.0058237 , 0.00681925 , 0.0130667 , 0.0539791 , 0.0925749 , 0.124312 , 0.196776 , 0.503163 , 
0.00852621 , 0.0163097 , 0.0284563 , 0.0342575 , 0.0404141 , 0.0513268 , 0.080574 , 0.13279 , 0.607345 , 
0.00176299 , 0.00352597 , 0.00352597 , 0.00528896 , 0.082797 , 0.112331 , 0.152726 , 0.215697 , 0.422345 , 
0.00801367 , 0.0218496 , 0.0331524 , 0.0394212 , 0.0448731 , 0.0611101 , 0.101856 , 0.143049 , 0.546675 , 
0.000616148 , 0.00184844 , 0.0305482 , 0.0456035 , 0.055809 , 0.0743812 , 0.128603 , 0.157955 , 0.504635 , 
0.00790402 , 0.0136837 , 0.0144841 , 0.0192286 , 0.0272207 , 0.0364565 , 0.0585249 , 0.22301 , 0.599488 , 
0.00434203 , 0.00678043 , 0.0090134 , 0.0135719 , 0.0200014 , 0.0333281 , 0.0837747 , 0.237779 , 0.591409 , 
0.0123326 , 0.0185469 , 0.0306062 , 0.0495442 , 0.0770071 , 0.100178 , 0.124522 , 0.197123 , 0.39014 , 
0.0207529 , 0.0269784 , 0.0381078 , 0.0500919 , 0.0616505 , 0.07245 , 0.142077 , 0.185105 , 0.402786 , 
0.0086484 , 0.0216884 , 0.0370078 , 0.0464268 , 0.0574913 , 0.075676 , 0.115039 , 0.159832 , 0.47819 , 
0.00203033 , 0.0035298 , 0.00393229 , 0.0060647 , 0.0137303 , 0.0777246 , 0.104277 , 0.19875 , 0.589961 , 
0.00103602 , 0.00155404 , 0.0310827 , 0.0346588 , 0.0436752 , 0.063749 , 0.0867657 , 0.154627 , 0.582852 , 
0.0102216 , 0.0127475 , 0.0181657 , 0.0289054 , 0.0462345 , 0.0502483 , 0.118912 , 0.218446 , 0.49612 , 
0.00319146 , 0.00463387 , 0.0107142 , 0.0135375 , 0.0172381 , 0.0172381 , 0.0172795 , 0.0357695 , 0.880398 , 
0.0146768 , 0.0307745 , 0.0477101 , 0.0642436 , 0.074651 , 0.0924285 , 0.119748 , 0.213452 , 0.342315 , 
0.00762336 , 0.0155616 , 0.0178084 , 0.0340163 , 0.0590007 , 0.0755132 , 0.0981481 , 0.161259 , 0.531069 , 
0.0117081 , 0.0232242 , 0.05063 , 0.0594797 , 0.0649784 , 0.088283 , 0.13494 , 0.177393 , 0.389364 , 
0.00317001 , 0.00779384 , 0.022744 , 0.0396538 , 0.0596393 , 0.112674 , 0.141779 , 0.298647 , 0.313899 , 
0.00175992 , 0.00541905 , 0.00900563 , 0.00995001 , 0.0139718 , 0.0355058 , 0.0560319 , 0.216268 , 0.652088 , 
0.0130878 , 0.0238465 , 0.0331754 , 0.0460156 , 0.0737385 , 0.102058 , 0.143498 , 0.197917 , 0.366663 , 
0.00269972 , 0.00767582 , 0.0108637 , 0.013048 , 0.0148743 , 0.0280001 , 0.0471733 , 0.160748 , 0.714917 , 
0.00122248 , 0.0329562 , 0.0466955 , 0.054963 , 0.0711886 , 0.104897 , 0.130272 , 0.180959 , 0.376845 , 
0.00818313 , 0.0163765 , 0.0217286 , 0.0358416 , 0.0578168 , 0.0924699 , 0.122572 , 0.197536 , 0.447475 , 
0.00416969 , 0.0154875 , 0.025356 , 0.0306114 , 0.0324345 , 0.0529483 , 0.0733955 , 0.209573 , 0.556024 , 
0.0114988 , 0.0255643 , 0.0389355 , 0.0540116 , 0.0655246 , 0.0773874 , 0.133286 , 0.18209 , 0.411702 , 
0.0103273 , 0.0140844 , 0.0341708 , 0.0527305 , 0.0681012 , 0.082765 , 0.121089 , 0.191618 , 0.425114 , 
0.0100799 , 0.0198855 , 0.0241123 , 0.0274655 , 0.0400284 , 0.0555437 , 0.072941 , 0.123912 , 0.626032 , 
0.000770303 , 0.00154061 , 0.00231091 , 0.00231091 , 0.0623053 , 0.101573 , 0.124144 , 0.223554 , 0.481491 , 
0.0126506 , 0.0284575 , 0.047498 , 0.0614508 , 0.0732822 , 0.0848515 , 0.120351 , 0.183334 , 0.388125 , 
0.0266676 , 0.0313217 , 0.0361322 , 0.0366823 , 0.0466022 , 0.0491255 , 0.220189 , 0.229727 , 0.323552 , 
0.00491266 , 0.00816017 , 0.0111604 , 0.0206433 , 0.0344742 , 0.0475657 , 0.0693134 , 0.167643 , 0.636127 , 
0.00209819 , 0.00462045 , 0.00667778 , 0.0129601 , 0.0190393 , 0.0220972 , 0.0405131 , 0.102647 , 0.789347 , 
0.0176838 , 0.0214576 , 0.0284739 , 0.0441737 , 0.0555762 , 0.0597127 , 0.0945864 , 0.296964 , 0.381372 , 
0.000697196 , 0.00209159 , 0.00209159 , 0.0375589 , 0.0575899 , 0.0886771 , 0.135333 , 0.182446 , 0.493514 , 
0.00165679 , 0.00248519 , 0.00248519 , 0.0589852 , 0.0832394 , 0.115863 , 0.136186 , 0.192887 , 0.406212 , 
0.0171905 , 0.019909 , 0.0310095 , 0.0674102 , 0.0786474 , 0.0857611 , 0.135144 , 0.177489 , 0.387439 , 
0.0101174 , 0.0122076 , 0.0160381 , 0.0417642 , 0.0532697 , 0.10089 , 0.128828 , 0.299156 , 0.337729 , 
0.00162798 , 0.00243106 , 0.00263566 , 0.00865395 , 0.0131109 , 0.0138459 , 0.0214841 , 0.0616085 , 0.874602 , 
0.00537721 , 0.00864224 , 0.010014 , 0.0167269 , 0.0249012 , 0.0996227 , 0.114783 , 0.227231 , 0.492703 , 
0.000743221 , 0.0235498 , 0.0329075 , 0.0358497 , 0.0466006 , 0.0775297 , 0.104934 , 0.228167 , 0.449719 , 
0.000820387 , 0.0208723 , 0.0295466 , 0.0410728 , 0.0680473 , 0.100635 , 0.142157 , 0.19092 , 0.405928 , 
0.00910996 , 0.0134154 , 0.0237936 , 0.0459348 , 0.0694067 , 0.0834276 , 0.115615 , 0.193597 , 0.4457 , 
0.0179495 , 0.0305656 , 0.0311929 , 0.035115 , 0.0438175 , 0.074128 , 0.0817812 , 0.127233 , 0.558217 , 
0.00380754 , 0.00568284 , 0.0125731 , 0.0179523 , 0.0228839 , 0.0320951 , 0.0483379 , 0.113418 , 0.743249 , 
0.0260146 , 0.033367 , 0.0439527 , 0.059967 , 0.082027 , 0.110046 , 0.13409 , 0.175491 , 0.335045 , 
0.00578809 , 0.0100456 , 0.0101101 , 0.0102537 , 0.0167328 , 0.0253612 , 0.0514733 , 0.12389 , 0.746345 , 
0.00394604 , 0.00507379 , 0.0055333 , 0.00734336 , 0.0136219 , 0.0274422 , 0.0957876 , 0.174327 , 0.666925 , 
0.0113376 , 0.0189407 , 0.0222033 , 0.0266797 , 0.0324992 , 0.0565394 , 0.132094 , 0.187876 , 0.51183 , 
0.0114217 , 0.0212983 , 0.0368713 , 0.0491608 , 0.064626 , 0.101739 , 0.14493 , 0.210942 , 0.359011 , 
0.0315612 , 0.0425387 , 0.0487818 , 0.0625537 , 0.0780188 , 0.0900143 , 0.125739 , 0.182692 , 0.3381 , 
0.0178763 , 0.0298472 , 0.0311927 , 0.0393549 , 0.0567892 , 0.0656044 , 0.0951278 , 0.16111 , 0.503098 , 
0.00525237 , 0.00525237 , 0.00818797 , 0.00818797 , 0.0188388 , 0.0188388 , 0.0188388 , 0.458301 , 0.458301 , 
0.0135686 , 0.0193325 , 0.0207972 , 0.0221095 , 0.0299595 , 0.0515369 , 0.0750441 , 0.163172 , 0.60448 , 
0.00198047 , 0.00661571 , 0.0102105 , 0.0120938 , 0.0145564 , 0.0223706 , 0.0433156 , 0.182548 , 0.706309 , 
0.00885393 , 0.0177382 , 0.0234023 , 0.0391791 , 0.0620108 , 0.0941128 , 0.119264 , 0.205272 , 0.430167 , 
0.00125053 , 0.00187579 , 0.029758 , 0.0399126 , 0.0683079 , 0.0949384 , 0.132338 , 0.210442 , 0.421177 , 
0.00485291 , 0.00511969 , 0.00623854 , 0.00781234 , 0.0139143 , 0.0245265 , 0.0630665 , 0.351204 , 0.523265 , 
0.00969533 , 0.016002 , 0.0168798 , 0.0222057 , 0.0314032 , 0.0402792 , 0.0528037 , 0.166446 , 0.644285 , 
0.0058688 , 0.015924 , 0.0262253 , 0.031889 , 0.0410638 , 0.0529851 , 0.0750177 , 0.108936 , 0.642091 , 
0.00198162 , 0.00337299 , 0.00386117 , 0.00688229 , 0.0107825 , 0.0464726 , 0.109634 , 0.301831 , 0.515182 , 
0.00405025 , 0.00446237 , 0.00605843 , 0.0119833 , 0.0205743 , 0.0276003 , 0.114471 , 0.203183 , 0.607617 , 
0.00453913 , 0.00503596 , 0.00819961 , 0.0106779 , 0.0393539 , 0.0603136 , 0.0717906 , 0.179801 , 0.620288 , 
0.00262964 , 0.00423097 , 0.00749079 , 0.0104049 , 0.0157187 , 0.0428965 , 0.107492 , 0.257863 , 0.551273 , 
0.00286865 , 0.00286865 , 0.00573731 , 0.00573731 , 0.00860596 , 0.141617 , 0.183052 , 0.233882 , 0.415632 , 
0.000922949 , 0.0236632 , 0.0442869 , 0.052403 , 0.0588806 , 0.0764969 , 0.120491 , 0.168601 , 0.454255 , 
0.000526564 , 0.000526564 , 0.0140613 , 0.0276859 , 0.0349032 , 0.0432867 , 0.0836883 , 0.118398 , 0.676923 , 
0.0061768 , 0.0135882 , 0.0317064 , 0.036413 , 0.046166 , 0.0582776 , 0.0937241 , 0.145458 , 0.56849 , 
0.0109472 , 0.0152425 , 0.0235211 , 0.0419282 , 0.0496445 , 0.0894795 , 0.0998017 , 0.137673 , 0.531762 , 
0.0184212 , 0.0260537 , 0.0425548 , 0.0622195 , 0.087555 , 0.102991 , 0.129996 , 0.204175 , 0.326034 , 
0.00631056 , 0.0127474 , 0.0154393 , 0.0274832 , 0.0448719 , 0.0584169 , 0.073812 , 0.174078 , 0.586841 , 
0.00701851 , 0.0164594 , 0.0319897 , 0.0395692 , 0.0467086 , 0.060791 , 0.0963269 , 0.132414 , 0.568722 , 
0.00345045 , 0.0172465 , 0.0231355 , 0.0252978 , 0.0332218 , 0.0565429 , 0.071285 , 0.212598 , 0.557222 , 
0.00444261 , 0.00975751 , 0.01827 , 0.0343862 , 0.0489285 , 0.0573049 , 0.0681068 , 0.134816 , 0.623987 , 
0.00891928 , 0.0155865 , 0.0326722 , 0.0533021 , 0.0620489 , 0.0790658 , 0.119942 , 0.193473 , 0.43499 , 
0.00175775 , 0.031714 , 0.0359913 , 0.0510742 , 0.0711701 , 0.100831 , 0.130394 , 0.236508 , 0.340559 , 
0.0111249 , 0.017573 , 0.026292 , 0.0453812 , 0.0749319 , 0.0957193 , 0.130371 , 0.196951 , 0.401656 , 
0.00134745 , 0.0346677 , 0.0506951 , 0.0600203 , 0.0692624 , 0.102809 , 0.136878 , 0.202919 , 0.341401 , 
0.0141631 , 0.0255504 , 0.0320708 , 0.0411068 , 0.0637652 , 0.0750491 , 0.104428 , 0.185105 , 0.458762 , 
0.00279898 , 0.00374906 , 0.00466633 , 0.00545812 , 0.0160533 , 0.0160533 , 0.0468421 , 0.330366 , 0.574012 , 
0.000988541 , 0.00148281 , 0.0288602 , 0.0545549 , 0.0651477 , 0.0855362 , 0.129201 , 0.193341 , 0.440888 , 
0.00200075 , 0.00519015 , 0.0069968 , 0.0284424 , 0.0455163 , 0.0529917 , 0.108801 , 0.247083 , 0.502978 , 
0.0176397 , 0.0249229 , 0.0420257 , 0.0638358 , 0.0867558 , 0.105329 , 0.127453 , 0.177322 , 0.354716 , 
0.0203314 , 0.0311307 , 0.0379539 , 0.0456739 , 0.0583374 , 0.0870946 , 0.11028 , 0.134865 , 0.474334 , 
0.00101972 , 0.0230358 , 0.0328042 , 0.0479347 , 0.0769043 , 0.111098 , 0.147606 , 0.192375 , 0.367222 , 
0.000446643 , 0.00178657 , 0.00178657 , 0.00178657 , 0.00357315 , 0.00357315 , 0.00535972 , 0.191539 , 0.790148 , 
0.00956569 , 0.0186455 , 0.0300494 , 0.0516113 , 0.0750478 , 0.102101 , 0.124613 , 0.198246 , 0.39012 , 
0.00117594 , 0.00347584 , 0.0046268 , 0.00760538 , 0.0105544 , 0.0169435 , 0.0414563 , 0.199443 , 0.714719 , 
0.0117149 , 0.0222973 , 0.0299889 , 0.0434721 , 0.0692893 , 0.116126 , 0.141485 , 0.19787 , 0.367757 , 
0.00431431 , 0.00853105 , 0.0139425 , 0.0221773 , 0.0247345 , 0.0364739 , 0.0542016 , 0.149498 , 0.686127 , 
0.0184192 , 0.0250863 , 0.0433106 , 0.0628822 , 0.0837396 , 0.101184 , 0.132039 , 0.202966 , 0.330373 , 
0.00927848 , 0.0236199 , 0.035986 , 0.0463217 , 0.0551907 , 0.0704746 , 0.108246 , 0.14865 , 0.502233 , 
0.000851039 , 0.00170208 , 0.00255312 , 0.0573867 , 0.0828042 , 0.101001 , 0.136962 , 0.227832 , 0.388908 , 
0.00789216 , 0.00886822 , 0.010812 , 0.0187956 , 0.0269744 , 0.0460358 , 0.0928742 , 0.286676 , 0.501071 , 
0.015204 , 0.0196309 , 0.0313805 , 0.0344023 , 0.0620521 , 0.0815335 , 0.104008 , 0.14602 , 0.505769 , 
0.00535285 , 0.00675512 , 0.00865993 , 0.011562 , 0.0191049 , 0.0267436 , 0.0630457 , 0.208421 , 0.650355 , 
0.0310752 , 0.048423 , 0.0683379 , 0.0766741 , 0.0861501 , 0.0975157 , 0.119888 , 0.179056 , 0.29288 , 
0.00330971 , 0.00371777 , 0.0050405 , 0.00770061 , 0.00985875 , 0.0176704 , 0.132953 , 0.208667 , 0.611082 , 
0.000168871 , 0.00361764 , 0.0067571 , 0.0119609 , 0.0184729 , 0.0227887 , 0.0511679 , 0.115769 , 0.769297 , 
0.0246194 , 0.0383242 , 0.0434127 , 0.0463145 , 0.0554427 , 0.0663987 , 0.0963789 , 0.145716 , 0.483393 , 
0.0133315 , 0.0186555 , 0.0359845 , 0.0537831 , 0.0806687 , 0.0968815 , 0.124918 , 0.215853 , 0.359924 , 
0.00120009 , 0.00240018 , 0.00360026 , 0.00360026 , 0.067558 , 0.111115 , 0.164878 , 0.207634 , 0.438014 , 
0.0104122 , 0.0139312 , 0.014906 , 0.0198508 , 0.0312374 , 0.0379754 , 0.0509067 , 0.124735 , 0.696046 , 
0.000296053 , 0.00794785 , 0.0101575 , 0.0232211 , 0.0352037 , 0.0427002 , 0.0601 , 0.11201 , 0.708364 , 
7.40274e-05 , 0.000222082 , 0.00528694 , 0.007116 , 0.00999181 , 0.0130809 , 0.0856077 , 0.334801 , 0.543819 , 
0.00205899 , 0.00657222 , 0.00998448 , 0.012185 , 0.0159936 , 0.0239452 , 0.035556 , 0.18003 , 0.713674 , 
0.000424699 , 0.000637049 , 0.0115361 , 0.0233343 , 0.0404022 , 0.0542528 , 0.066912 , 0.150902 , 0.651599 , 
0.000973997 , 0.0216672 , 0.027712 , 0.0459377 , 0.0724877 , 0.107023 , 0.13183 , 0.180973 , 0.411396 , 
0.00293701 , 0.00703148 , 0.0108421 , 0.0130634 , 0.0158717 , 0.0198438 , 0.0330376 , 0.142374 , 0.754999 , 
0.0113245 , 0.0172717 , 0.0245415 , 0.0403642 , 0.0687557 , 0.0958739 , 0.117022 , 0.211758 , 0.413088 , 
0.00749985 , 0.0100622 , 0.0114427 , 0.0185442 , 0.0216729 , 0.0290123 , 0.103458 , 0.239775 , 0.558532 , 
0.0127038 , 0.014487 , 0.0227651 , 0.0267542 , 0.0360906 , 0.0665943 , 0.105772 , 0.26097 , 0.453863 , 
0.0125281 , 0.0191154 , 0.0360776 , 0.0561915 , 0.0708384 , 0.0988809 , 0.116621 , 0.206138 , 0.38361 , 
0.00129877 , 0.00197274 , 0.00291959 , 0.00986728 , 0.0150485 , 0.018925 , 0.0255801 , 0.0709955 , 0.853392 , 
0.00778327 , 0.0115709 , 0.015581 , 0.0220079 , 0.0555592 , 0.0703115 , 0.117822 , 0.161597 , 0.537768 , 
0.0107899 , 0.0172316 , 0.0305551 , 0.0511333 , 0.0777421 , 0.0916547 , 0.128508 , 0.209636 , 0.382749 , 
0.00810297 , 0.012281 , 0.014642 , 0.0322427 , 0.0700571 , 0.1228 , 0.148455 , 0.164951 , 0.426468 , 
0.00341149 , 0.0036781 , 0.00425002 , 0.00665085 , 0.0289181 , 0.0289181 , 0.030514 , 0.0427308 , 0.850928 , 
0.00411704 , 0.00637904 , 0.00977788 , 0.0114117 , 0.0440848 , 0.056313 , 0.0857247 , 0.256948 , 0.525244 , 
0.00776994 , 0.0232944 , 0.0261733 , 0.0300918 , 0.0483782 , 0.06732 , 0.179744 , 0.183659 , 0.43357 , 
0.000592449 , 0.000592449 , 0.000888673 , 0.0163088 , 0.0241018 , 0.0438363 , 0.0918686 , 0.284868 , 0.536943 , 
0.0171142 , 0.0212942 , 0.0282515 , 0.0476279 , 0.0657329 , 0.073195 , 0.131876 , 0.211039 , 0.40387 , 
0.0117062 , 0.0235981 , 0.0307122 , 0.0510255 , 0.0751418 , 0.101059 , 0.146028 , 0.207313 , 0.353416 , 
0.000350801 , 0.00819436 , 0.0158037 , 0.0304997 , 0.0460465 , 0.0549687 , 0.0812304 , 0.145244 , 0.617662 , 
0.00928314 , 0.0141529 , 0.0189846 , 0.0255829 , 0.0495543 , 0.0819482 , 0.122219 , 0.185877 , 0.492397 , 
0.000904963 , 0.00283196 , 0.00397391 , 0.00962308 , 0.0189449 , 0.0893281 , 0.104638 , 0.226164 , 0.54359 , 
0.00752584 , 0.0139939 , 0.020945 , 0.0306757 , 0.0581282 , 0.0948155 , 0.123033 , 0.201377 , 0.449506 , 
0.000454822 , 0.000909644 , 0.0238685 , 0.0343882 , 0.0408654 , 0.0535856 , 0.0867255 , 0.118735 , 0.640468 , 
0.00387445 , 0.00830146 , 0.0179609 , 0.0214215 , 0.0259088 , 0.0334181 , 0.0608771 , 0.14498 , 0.683257 , 
0.000929367 , 0.0249121 , 0.035903 , 0.0430939 , 0.0545503 , 0.0798075 , 0.0997219 , 0.135933 , 0.525149 , 
0.000806737 , 0.0186386 , 0.033619 , 0.0535569 , 0.0803795 , 0.0992651 , 0.133826 , 0.214135 , 0.365773 , 
0.00380703 , 0.0158037 , 0.0192776 , 0.0205012 , 0.0351823 , 0.0509595 , 0.137001 , 0.172535 , 0.544932 , 
0.000509781 , 0.0135456 , 0.0201431 , 0.0300862 , 0.0553043 , 0.0985402 , 0.127621 , 0.204718 , 0.449532 , 
0.00108194 , 0.00383361 , 0.0159585 , 0.0256746 , 0.0307811 , 0.0333867 , 0.0453627 , 0.106641 , 0.73728 , 
0.00549243 , 0.014023 , 0.0296668 , 0.0364126 , 0.0437284 , 0.0597639 , 0.0967909 , 0.15343 , 0.560692 , 
0.0114951 , 0.0253004 , 0.0276388 , 0.0301721 , 0.0389994 , 0.0556986 , 0.0684222 , 0.126573 , 0.6157 , 
0.0145087 , 0.0364541 , 0.0560741 , 0.0628319 , 0.0745322 , 0.0900345 , 0.132221 , 0.182587 , 0.350757 , 
0.00306384 , 0.00330411 , 0.00390569 , 0.0050593 , 0.0120203 , 0.0189038 , 0.0345505 , 0.0438593 , 0.875333 , 
0.0063002 , 0.0078623 , 0.00851845 , 0.0113447 , 0.016907 , 0.0240702 , 0.0561374 , 0.181111 , 0.687748 , 
0.0261059 , 0.0396943 , 0.049774 , 0.0811872 , 0.0888067 , 0.114286 , 0.153439 , 0.185676 , 0.261031 , 
0.000981781 , 0.00147267 , 0.0284954 , 0.0447389 , 0.0749216 , 0.112868 , 0.132944 , 0.18359 , 0.419988 , 
0.01804 , 0.0289486 , 0.031791 , 0.0365449 , 0.0468964 , 0.0735339 , 0.0996506 , 0.21935 , 0.445245 , 
0.000909563 , 0.0216797 , 0.0301542 , 0.0500736 , 0.0756817 , 0.115982 , 0.136026 , 0.197328 , 0.372165 , 
0.000282086 , 0.00704187 , 0.0134413 , 0.0166307 , 0.0183757 , 0.0362713 , 0.0681674 , 0.166407 , 0.673382 , 
0.000233668 , 0.0050894 , 0.00975854 , 0.0123056 , 0.0157295 , 0.0271537 , 0.0505536 , 0.175656 , 0.70352 , 
0.0129646 , 0.0189237 , 0.0348636 , 0.0567902 , 0.0693575 , 0.0873176 , 0.129547 , 0.182505 , 0.40773 , 
0.0326488 , 0.0409081 , 0.0466669 , 0.0569064 , 0.0697794 , 0.100341 , 0.134487 , 0.174064 , 0.344199 , 
0.00481069 , 0.00795018 , 0.0102709 , 0.0167413 , 0.0646728 , 0.0852659 , 0.105033 , 0.148783 , 0.556472 , 
0.0100125 , 0.0156451 , 0.0194343 , 0.023678 , 0.0335954 , 0.0475506 , 0.0617758 , 0.174477 , 0.613831 , 
0.00370525 , 0.00514655 , 0.00514655 , 0.00721009 , 0.0420093 , 0.0420093 , 0.271739 , 0.271739 , 0.351295 , 
0.00497294 , 0.00804405 , 0.0104666 , 0.0172584 , 0.0229013 , 0.0382002 , 0.146507 , 0.200996 , 0.550653 , 
0.0218673 , 0.0279229 , 0.0396584 , 0.0618697 , 0.0736482 , 0.0959969 , 0.140193 , 0.228976 , 0.309868 , 
0.0104506 , 0.0191215 , 0.0343173 , 0.0460625 , 0.0609897 , 0.0973413 , 0.136247 , 0.210093 , 0.385377 , 
0.0102097 , 0.0184915 , 0.0335564 , 0.0485866 , 0.0572799 , 0.0781541 , 0.11888 , 0.147087 , 0.487756 , 
0.00109481 , 0.00218962 , 0.00328443 , 0.0685299 , 0.0894428 , 0.102425 , 0.128185 , 0.212155 , 0.392693 , 
0.0149894 , 0.0251966 , 0.0416204 , 0.0546076 , 0.0774884 , 0.0906081 , 0.117713 , 0.192563 , 0.385213 , 
0.000689956 , 0.00103493 , 0.0156761 , 0.0298388 , 0.0563538 , 0.069356 , 0.091255 , 0.154891 , 0.580904 , 
0.00963444 , 0.0180577 , 0.0282887 , 0.0481254 , 0.0625103 , 0.0911934 , 0.152305 , 0.231277 , 0.358608 , 
0.00848425 , 0.0188755 , 0.0269878 , 0.0384042 , 0.0668845 , 0.104171 , 0.139841 , 0.195301 , 0.401051 , 
0.018158 , 0.0303745 , 0.0396731 , 0.0469897 , 0.0529405 , 0.0678208 , 0.095125 , 0.263657 , 0.385262 , 
0.00609354 , 0.0133342 , 0.023678 , 0.0316349 , 0.0381785 , 0.0543306 , 0.0797099 , 0.1507 , 0.602341 , 
0.00756458 , 0.00894004 , 0.0119102 , 0.0183609 , 0.0220385 , 0.0298649 , 0.0879386 , 0.207534 , 0.605848 , 
0.0193696 , 0.0304979 , 0.0351166 , 0.0453854 , 0.0601939 , 0.0825219 , 0.102059 , 0.16435 , 0.460506 , 
0.00588671 , 0.0100494 , 0.012443 , 0.0157662 , 0.0201979 , 0.0290086 , 0.0535769 , 0.19913 , 0.653941 , 
0.000399916 , 0.0124966 , 0.0220405 , 0.023787 , 0.0309984 , 0.0473887 , 0.0653633 , 0.18851 , 0.609015 , 
0.0187355 , 0.0329041 , 0.0503138 , 0.0583758 , 0.0648145 , 0.0837621 , 0.11609 , 0.188098 , 0.386906 , 
0.00033088 , 0.00049632 , 0.0108166 , 0.0159242 , 0.0193101 , 0.0254477 , 0.0383205 , 0.0844972 , 0.804856 , 
0.0104351 , 0.0191745 , 0.025368 , 0.0344103 , 0.0549051 , 0.0928059 , 0.122093 , 0.172648 , 0.468161 , 
0 , 0 , 0 , 0 , 0 , 0 , 0 , 0 , 0 , 
0.0100859 , 0.012062 , 0.0150126 , 0.0360981 , 0.0437782 , 0.0785927 , 0.104553 , 0.266544 , 0.433274 , 
0 , 0 , 0 , 0 , 0 , 0 , 0 , 0 , 0 , 
0 , 0 , 0 , 0 , 0 , 0 , 0 , 0 , 0 , 
0 , 0 , 0 , 0 , 0 , 0 , 0 , 0 , 0 , 
0 , 0 , 0 , 0 , 0 , 0 , 0 , 0 , 0 , 
0 , 0 , 0 , 0 , 0 , 0 , 0 , 0 , 0 , 
0.00369287 , 0.00369287 , 0.00738575 , 0.00738575 , 0.0110786 , 0.0110786 , 0.186757 , 0.293852 , 0.475077 , 
0.00407987 , 0.00620994 , 0.00768655 , 0.0106845 , 0.0161126 , 0.0735128 , 0.0926261 , 0.218181 , 0.570906 , 
0 , 0 , 0 , 0 , 0 , 0 , 0 , 0 , 0 , 
0 , 0 , 0 , 0 , 0 , 0 , 0 , 0 , 0 , 
0 , 0 , 0 , 0 , 0 , 0 , 0 , 0 , 0 , 
0 , 0 , 0 , 0 , 0 , 0 , 0 , 0 , 0 , 
0 , 0 , 0 , 0 , 0 , 0 , 0 , 0 , 0 , 
0.00377345 , 0.00385339 , 0.00528264 , 0.00816944 , 0.0123234 , 0.0371848 , 0.0428347 , 0.131474 , 0.755104 , 
0.0119404 , 0.0169414 , 0.0195772 , 0.0216208 , 0.029896 , 0.045043 , 0.0622671 , 0.143319 , 0.649395 , 
0.0091829 , 0.0130761 , 0.0150829 , 0.0189967 , 0.0298417 , 0.0401459 , 0.0450338 , 0.261991 , 0.566649 , 
0.0213195 , 0.0242829 , 0.0330782 , 0.0370494 , 0.0550432 , 0.0751988 , 0.09246 , 0.135935 , 0.525633 , 
0.000175532 , 0.00434703 , 0.00587878 , 0.00943664 , 0.0124597 , 0.0178907 , 0.0863841 , 0.122134 , 0.741293 , 
0.00703341 , 0.0239282 , 0.0385339 , 0.0436664 , 0.0507374 , 0.0905112 , 0.107094 , 0.164821 , 0.473675 , 
0.00145888 , 0.00145888 , 0.00218832 , 0.0407979 , 0.066917 , 0.103833 , 0.138318 , 0.199983 , 0.445046 , 
0.0348119 , 0.041423 , 0.0536014 , 0.0667741 , 0.0754306 , 0.0878872 , 0.12688 , 0.160143 , 0.353049 , 
0.0017509 , 0.00236269 , 0.00512746 , 0.00755707 , 0.0170669 , 0.0796528 , 0.108954 , 0.247573 , 0.529955 , 
0.00478526 , 0.00649513 , 0.0250675 , 0.0268669 , 0.0609151 , 0.0857234 , 0.185571 , 0.277981 , 0.326595 , 
0.00032479 , 0.00182635 , 0.00296104 , 0.00605523 , 0.0318042 , 0.040481 , 0.0649104 , 0.204306 , 0.647331 , 
0.00177457 , 0.00583742 , 0.0089623 , 0.0109983 , 0.0145463 , 0.0219854 , 0.0339837 , 0.181925 , 0.719987 , 
0.00241556 , 0.00428998 , 0.00450901 , 0.00584233 , 0.00892475 , 0.0144294 , 0.0293762 , 0.174698 , 0.755515 , 
0.00208563 , 0.00312845 , 0.00312845 , 0.0652701 , 0.0922515 , 0.129445 , 0.152116 , 0.204873 , 0.347702 , 
0 , 0 , 0 , 0 , 0 , 0 , 0 , 0 , 0 , 
0 , 0 , 0 , 0 , 0 , 0 , 0 , 0 , 0 , 
0.000862534 , 0.0177388 , 0.0345751 , 0.0434033 , 0.052034 , 0.0651042 , 0.105407 , 0.143027 , 0.537848 , 
0 , 0 , 0 , 0 , 0 , 0 , 0 , 0 , 0 , 
0 , 0 , 0 , 0 , 0 , 0 , 0 , 0 , 0 , 
0.00231641 , 0.00402623 , 0.00993373 , 0.0310964 , 0.0435325 , 0.134163 , 0.154711 , 0.183409 , 0.436811 , 
0.000250453 , 0.00075136 , 0.0149038 , 0.017913 , 0.0210441 , 0.039245 , 0.0831909 , 0.190573 , 0.632128 , 
0 , 0 , 0 , 0 , 0 , 0 , 0 , 0 , 0 , 
0 , 0 , 0 , 0 , 0 , 0 , 0 , 0 , 0 , 
0.00927183 , 0.0132351 , 0.0233133 , 0.034993 , 0.0409423 , 0.0511613 , 0.0753072 , 0.116778 , 0.634998 , 
0 , 0 , 0 , 0 , 0 , 0 , 0 , 0 , 0 , 
0 , 0 , 0 , 0 , 0 , 0 , 0 , 0 , 0 , 
0.00231605 , 0.00335416 , 0.00572173 , 0.00913593 , 0.0127862 , 0.0712889 , 0.120506 , 0.158485 , 0.616407 , 
0 , 0 , 0 , 0 , 0 , 0 , 0 , 0 , 0 , 
0 , 0 , 0 , 0 , 0 , 0 , 0 , 0 , 0 , 
0.0173055 , 0.0249234 , 0.0430932 , 0.0553358 , 0.0753508 , 0.0946359 , 0.126944 , 0.201139 , 0.361272 , 
0.020789 , 0.0301988 , 0.0439627 , 0.0619168 , 0.0814737 , 0.10397 , 0.128649 , 0.177163 , 0.351878 , 
0.000181738 , 0.00278945 , 0.00430885 , 0.0117766 , 0.0253295 , 0.0414924 , 0.100329 , 0.247345 , 0.566448 , 
0.000194885 , 0.000584654 , 0.0169021 , 0.0212651 , 0.0248808 , 0.0350886 , 0.0633808 , 0.154362 , 0.683341 , 
0 , 0 , 0 , 0 , 0 , 0 , 0 , 0 , 0 , 
0 , 0 , 0 , 0 , 0 , 0 , 0 , 0 , 0 , 
0 , 0 , 0 , 0 , 0 , 0 , 0 , 0 , 0 , 
0.00596506 , 0.0139555 , 0.0257647 , 0.0322915 , 0.0383549 , 0.056659 , 0.0849657 , 0.145135 , 0.596908 , 
0 , 0 , 0 , 0 , 0 , 0 , 0 , 0 , 0 , 
0 , 0 , 0 , 0 , 0 , 0 , 0 , 0 , 0 , 
0 , 0 , 0 , 0 , 0 , 0 , 0 , 0 , 0 , 
0.00431782 , 0.0108151 , 0.0200681 , 0.0226279 , 0.0284804 , 0.0453703 , 0.0716213 , 0.163713 , 0.632986 , 
0 , 0 , 0 , 0 , 0 , 0 , 0 , 0 , 0 , 
0.00813516 , 0.0157957 , 0.0235992 , 0.0359773 , 0.0413031 , 0.0529152 , 0.0766441 , 0.108496 , 0.637134 , 
0.0325829 , 0.046807 , 0.0516231 , 0.0572339 , 0.0722177 , 0.0891606 , 0.126714 , 0.160888 , 0.362772 , 
0.00551323 , 0.0122456 , 0.0148444 , 0.0334431 , 0.0527349 , 0.0649519 , 0.0930735 , 0.14892 , 0.574273 , 
0.013344 , 0.0164996 , 0.0190869 , 0.0247244 , 0.037087 , 0.0435384 , 0.0565197 , 0.176071 , 0.613129 , 
0.000319158 , 0.000957474 , 0.0187068 , 0.0312222 , 0.0372392 , 0.047887 , 0.0733091 , 0.112244 , 0.678115 , 
0.001924 , 0.002886 , 0.002886 , 0.002886 , 0.0587049 , 0.087061 , 0.120299 , 0.221994 , 0.50136 , 
0.0116772 , 0.0173511 , 0.0206404 , 0.0268717 , 0.0351272 , 0.0450628 , 0.0554404 , 0.160049 , 0.627781 , 
0.0279933 , 0.0421725 , 0.052343 , 0.0613272 , 0.0706006 , 0.0869805 , 0.117029 , 0.182175 , 0.35938 , 
0.0250635 , 0.0432316 , 0.0638437 , 0.0721473 , 0.0819842 , 0.0987588 , 0.121838 , 0.179552 , 0.313581 , 
0.0143139 , 0.0259755 , 0.0388903 , 0.0466428 , 0.0550962 , 0.0961949 , 0.125301 , 0.174631 , 0.422955 , 
0.00221428 , 0.00767668 , 0.0128493 , 0.0143485 , 0.0182158 , 0.0296469 , 0.0498212 , 0.273177 , 0.592051 , 
0.0152092 , 0.0216608 , 0.0350497 , 0.0527422 , 0.0821688 , 0.0971294 , 0.124621 , 0.211473 , 0.359946 , 
0.000629962 , 0.02151 , 0.0370764 , 0.0418608 , 0.0568902 , 0.0854509 , 0.107943 , 0.154615 , 0.494023 , 
0.00944998 , 0.0141471 , 0.0285928 , 0.0509183 , 0.0716328 , 0.0826633 , 0.14158 , 0.195844 , 0.405171 , 
0.023286 , 0.029759 , 0.0315036 , 0.0400662 , 0.0586927 , 0.0682044 , 0.0884232 , 0.202659 , 0.457405 , 
0.00227066 , 0.00522114 , 0.00661918 , 0.00776517 , 0.0102384 , 0.0192344 , 0.0296213 , 0.238132 , 0.680898 , 
0.0249306 , 0.0322394 , 0.0382743 , 0.0504762 , 0.0717836 , 0.0976674 , 0.131058 , 0.240345 , 0.313225 , 
0.0170224 , 0.0365852 , 0.0469328 , 0.051574 , 0.0594753 , 0.0775701 , 0.116108 , 0.17406 , 0.420672 , 
0.00098153 , 0.00296687 , 0.00511821 , 0.00549344 , 0.0141138 , 0.0267282 , 0.0500578 , 0.303785 , 0.590755 , 
0.00330245 , 0.00706636 , 0.0112994 , 0.0134369 , 0.0483217 , 0.0752208 , 0.119382 , 0.24407 , 0.477901 , 
0.00664874 , 0.0121146 , 0.0214803 , 0.0325583 , 0.038089 , 0.0501057 , 0.0849056 , 0.127803 , 0.626295 , 
0.00353701 , 0.00353701 , 0.00530552 , 0.00530552 , 0.0854571 , 0.101103 , 0.132444 , 0.209525 , 0.453786 , 
0.002016 , 0.00679003 , 0.0105964 , 0.0125107 , 0.0165907 , 0.0259156 , 0.0434381 , 0.168004 , 0.714138 , 
0.00138257 , 0.00273198 , 0.00429874 , 0.00782494 , 0.0114373 , 0.0265182 , 0.0680704 , 0.17195 , 0.705786 , 
0.00808393 , 0.0118349 , 0.0162537 , 0.0226744 , 0.0294148 , 0.0782821 , 0.119911 , 0.185247 , 0.528298 , 
0.0295513 , 0.0430499 , 0.0521541 , 0.0590585 , 0.0646035 , 0.108697 , 0.134178 , 0.158072 , 0.350636 , 
0.000188958 , 0.000473088 , 0.000554647 , 0.00187371 , 0.00472445 , 0.00499951 , 0.0057342 , 0.0171424 , 0.964309 , 
0.00206433 , 0.00412867 , 0.00412867 , 0.006193 , 0.095775 , 0.121161 , 0.153549 , 0.223651 , 0.389349 , 
0.000134663 , 0.00422033 , 0.00649498 , 0.0139196 , 0.0204246 , 0.0331071 , 0.0772354 , 0.248397 , 0.596066 , 
0.0239567 , 0.0308422 , 0.0393595 , 0.0416962 , 0.0466065 , 0.0657595 , 0.07052 , 0.107414 , 0.573845 , 
0.0198893 , 0.0283491 , 0.0459109 , 0.0496989 , 0.0568522 , 0.0640851 , 0.0761828 , 0.263828 , 0.395204 , 
0.0244741 , 0.0380319 , 0.0440332 , 0.0533432 , 0.0602488 , 0.0839576 , 0.11583 , 0.173827 , 0.406253 , 
0.000455589 , 0.000683384 , 0.000683384 , 0.0219256 , 0.0318441 , 0.038432 , 0.0514729 , 0.118294 , 0.736209 , 
0.00585314 , 0.00974648 , 0.0102716 , 0.0135616 , 0.0187395 , 0.0252661 , 0.0435373 , 0.191229 , 0.681795 , 
0.000386366 , 0.0122903 , 0.0191854 , 0.036546 , 0.0598215 , 0.0723364 , 0.103174 , 0.164511 , 0.53175 , 
0.000934423 , 0.00186885 , 0.00186885 , 0.00280327 , 0.0613462 , 0.102982 , 0.129198 , 0.212221 , 0.486777 , 
0.000408173 , 0.000476489 , 0.00112141 , 0.00112141 , 0.00274129 , 0.00333773 , 0.00333773 , 0.0108472 , 0.976609 , 
0.00247299 , 0.00423043 , 0.00866999 , 0.0140543 , 0.0166252 , 0.0250096 , 0.0582016 , 0.153008 , 0.717728 , 
0.00730488 , 0.00830357 , 0.0127033 , 0.0150631 , 0.0232824 , 0.0728297 , 0.109614 , 0.255538 , 0.495361 , 
0.00754442 , 0.0130459 , 0.0137744 , 0.0175863 , 0.025605 , 0.0299832 , 0.0425519 , 0.126639 , 0.72327 , 
0.00999479 , 0.0142223 , 0.0166872 , 0.0188956 , 0.0245504 , 0.0358076 , 0.0426928 , 0.190498 , 0.646652 , 
0.00892631 , 0.0131089 , 0.0150884 , 0.0185552 , 0.0278284 , 0.0374909 , 0.0550454 , 0.242811 , 0.581146 , 
0.00511203 , 0.00890088 , 0.015574 , 0.0218085 , 0.0255759 , 0.0328897 , 0.0465167 , 0.0655384 , 0.778084 , 
0.00348232 , 0.00348232 , 0.00522347 , 0.00522347 , 0.00522347 , 0.0860574 , 0.125508 , 0.179713 , 0.586086 , 
0.0028005 , 0.00499157 , 0.00567945 , 0.0101518 , 0.0140657 , 0.0404879 , 0.0790061 , 0.269754 , 0.573063 , 
0.00611238 , 0.0122797 , 0.0192003 , 0.0272163 , 0.0329866 , 0.0442974 , 0.0627979 , 0.101052 , 0.694058 , 
0.0117898 , 0.022773 , 0.039391 , 0.0627169 , 0.0767996 , 0.0890246 , 0.119918 , 0.201894 , 0.375693 , 
0.0141291 , 0.0285277 , 0.0304464 , 0.0414484 , 0.0477438 , 0.0706615 , 0.110687 , 0.27974 , 0.376616 , 
0.000634723 , 0.000952084 , 0.000952084 , 0.0164863 , 0.0268973 , 0.0393638 , 0.0504671 , 0.331167 , 0.53308 , 
0.0180282 , 0.0254264 , 0.0379549 , 0.0539761 , 0.0781717 , 0.11216 , 0.133619 , 0.184661 , 0.356002 , 
0.0066692 , 0.0119861 , 0.012946 , 0.0168388 , 0.0264313 , 0.0361106 , 0.0654788 , 0.213264 , 0.610275 , 
0.00961616 , 0.0142254 , 0.0201643 , 0.0239129 , 0.0286276 , 0.0385573 , 0.0975825 , 0.265668 , 0.501646 , 
0.00444561 , 0.00630403 , 0.0094712 , 0.0115947 , 0.0166353 , 0.054915 , 0.118924 , 0.226867 , 0.550844 , 
0.000328952 , 0.000986856 , 0.0236993 , 0.0293126 , 0.0326775 , 0.0440628 , 0.076093 , 0.13487 , 0.657969 , 
0.0153027 , 0.0224589 , 0.0247754 , 0.0289153 , 0.0431058 , 0.0572879 , 0.0696819 , 0.191881 , 0.546591 , 
0.00940748 , 0.0211465 , 0.0252681 , 0.0286176 , 0.0384517 , 0.0612477 , 0.0785555 , 0.117195 , 0.620111 , 
0.0154008 , 0.0268777 , 0.0390558 , 0.0511043 , 0.0677689 , 0.0966059 , 0.145882 , 0.194752 , 0.362553 , 
0.00966358 , 0.0206685 , 0.0287988 , 0.041795 , 0.0641456 , 0.096384 , 0.143302 , 0.199782 , 0.39546 , 
0.00255008 , 0.00445303 , 0.00699559 , 0.00755959 , 0.0344227 , 0.0450888 , 0.0767959 , 0.259142 , 0.562993 , 
0.00125544 , 0.00188316 , 0.0340507 , 0.046674 , 0.0694751 , 0.112781 , 0.161675 , 0.201005 , 0.371201 , 
0.00275993 , 0.00439251 , 0.00545223 , 0.012852 , 0.0330424 , 0.0498823 , 0.136835 , 0.308468 , 0.446316 , 
0.000355295 , 0.00233938 , 0.00525756 , 0.00756648 , 0.018732 , 0.018732 , 0.0246228 , 0.0384829 , 0.883912 , 
0.0016128 , 0.00416384 , 0.00432803 , 0.00568845 , 0.00921647 , 0.0138367 , 0.106759 , 0.165327 , 0.689068 , 
0.00350057 , 0.0107658 , 0.0158495 , 0.0188219 , 0.0227575 , 0.0376355 , 0.0461592 , 0.110486 , 0.734024 , 
0.0265755 , 0.0374967 , 0.043561 , 0.0474533 , 0.0599221 , 0.0886138 , 0.11219 , 0.179199 , 0.404988 , 
0.00919286 , 0.0201506 , 0.0296282 , 0.0457773 , 0.0715353 , 0.103929 , 0.132372 , 0.187164 , 0.40025 , 
0.0183853 , 0.0243779 , 0.0271159 , 0.0372736 , 0.0590093 , 0.0716779 , 0.0970284 , 0.17022 , 0.494912 , 
0.00907062 , 0.0215009 , 0.0419802 , 0.0519489 , 0.0609678 , 0.0790421 , 0.125528 , 0.175979 , 0.433982 , 
0.0127814 , 0.0156184 , 0.0256925 , 0.0289056 , 0.0655818 , 0.0811568 , 0.125634 , 0.16731 , 0.47732 , 
0.0319316 , 0.0395988 , 0.044754 , 0.0583744 , 0.0775149 , 0.10446 , 0.127459 , 0.213357 , 0.302551 , 
0.00832347 , 0.0127186 , 0.0135812 , 0.0197881 , 0.0528521 , 0.087344 , 0.121161 , 0.201345 , 0.482886 , 
0.0175728 , 0.0297885 , 0.0451294 , 0.0598665 , 0.0824846 , 0.0984686 , 0.126827 , 0.20308 , 0.336782 , 
0.000446239 , 0.000669359 , 0.0212603 , 0.0268171 , 0.0320765 , 0.0497806 , 0.069546 , 0.110716 , 0.688688 , 
0.000382937 , 0.000382937 , 0.00680065 , 0.0114442 , 0.0164065 , 0.0238534 , 0.0905703 , 0.12483 , 0.725329 , 
0.00419454 , 0.00726452 , 0.00769954 , 0.0105804 , 0.014691 , 0.0237421 , 0.0462829 , 0.198457 , 0.687088 , 
0.0124683 , 0.0146068 , 0.0168183 , 0.02062 , 0.0323593 , 0.0396618 , 0.0684625 , 0.239985 , 0.555018 , 
0.00202733 , 0.00402836 , 0.00824935 , 0.0111656 , 0.015241 , 0.0392149 , 0.0625053 , 0.138156 , 0.719412 , 
0.00900144 , 0.0161341 , 0.0234206 , 0.033762 , 0.0571783 , 0.10341 , 0.128714 , 0.205324 , 0.423056 , 
0.00936765 , 0.0240116 , 0.0430425 , 0.0483696 , 0.0583333 , 0.0860536 , 0.122662 , 0.20425 , 0.40391 , 
0.000473325 , 0.0140638 , 0.0184349 , 0.0317106 , 0.0618141 , 0.0898052 , 0.118401 , 0.216965 , 0.448331 , 
0.00156554 , 0.00313109 , 0.00313109 , 0.00469663 , 0.00469663 , 0.109767 , 0.152717 , 0.232169 , 0.488127 , 
0.00413017 , 0.00627008 , 0.00888793 , 0.018541 , 0.0273758 , 0.0323929 , 0.0501124 , 0.116627 , 0.735663 , 
0.0288422 , 0.0347871 , 0.0431814 , 0.0441733 , 0.0543072 , 0.0753262 , 0.115556 , 0.295129 , 0.308698 , 
0.00756834 , 0.00778094 , 0.00853207 , 0.0099463 , 0.0135703 , 0.0376496 , 0.075973 , 0.416719 , 0.422261 , 
0.031448 , 0.0499481 , 0.05507 , 0.0604556 , 0.0754212 , 0.0887579 , 0.134754 , 0.169112 , 0.335033 , 
0.0118421 , 0.0208836 , 0.0393392 , 0.0578317 , 0.064306 , 0.0838307 , 0.123347 , 0.181307 , 0.417313 , 
0.00192355 , 0.00195039 , 0.015763 , 0.0182373 , 0.0268215 , 0.0341988 , 0.0508186 , 0.189853 , 0.660434 , 
0.00227256 , 0.00227256 , 0.00340884 , 0.0642618 , 0.0903189 , 0.120426 , 0.146339 , 0.191236 , 0.379464 , 
0.00707598 , 0.0100279 , 0.0157909 , 0.0187269 , 0.025255 , 0.0677772 , 0.0939882 , 0.116938 , 0.64442 , 
0.00563869 , 0.00590937 , 0.00793533 , 0.0126947 , 0.0175672 , 0.0280638 , 0.129569 , 0.179104 , 0.613518 , 
0.00259034 , 0.00830298 , 0.0129264 , 0.017164 , 0.0273519 , 0.0763788 , 0.134871 , 0.202376 , 0.518038 , 
0.00280085 , 0.0146286 , 0.0241223 , 0.0289753 , 0.0326202 , 0.0419766 , 0.0595587 , 0.194593 , 0.600725 , 
0.0166712 , 0.021127 , 0.0287947 , 0.052479 , 0.0784441 , 0.0864553 , 0.15241 , 0.217636 , 0.345982 , 
0.0097442 , 0.0125946 , 0.0139445 , 0.018318 , 0.0301342 , 0.041008 , 0.0654374 , 0.230916 , 0.577903 , 
0.00558819 , 0.0095685 , 0.0189944 , 0.0207143 , 0.0521542 , 0.0893005 , 0.141754 , 0.184293 , 0.477633 , 
0.00103228 , 0.00154842 , 0.0264294 , 0.0391706 , 0.0565397 , 0.105915 , 0.131496 , 0.209128 , 0.42874 , 
0.00337088 , 0.00583131 , 0.0066374 , 0.0103512 , 0.0124524 , 0.0496938 , 0.0727028 , 0.213598 , 0.625362 , 
0.00451844 , 0.00664203 , 0.0143668 , 0.0202145 , 0.0255817 , 0.0356082 , 0.0528063 , 0.115757 , 0.724506 , 
0.0012439 , 0.00186585 , 0.0317452 , 0.0443664 , 0.0730776 , 0.108617 , 0.142562 , 0.200058 , 0.396464 , 
0.00198433 , 0.00554475 , 0.00901128 , 0.00965392 , 0.0128779 , 0.0223741 , 0.0574632 , 0.205405 , 0.675685 , 
0.000833551 , 0.0024953 , 0.00419989 , 0.0051977 , 0.00929885 , 0.0197625 , 0.0600759 , 0.211282 , 0.686854 , 
0.007671 , 0.0117466 , 0.023835 , 0.0368681 , 0.0418959 , 0.0561109 , 0.0828074 , 0.117799 , 0.621266 , 
0.0089809 , 0.0128866 , 0.0153935 , 0.0174843 , 0.0253174 , 0.0349661 , 0.0462113 , 0.230533 , 0.608227 , 
0.00644385 , 0.00783148 , 0.00973183 , 0.0171251 , 0.0252538 , 0.034309 , 0.117897 , 0.241194 , 0.540214 , 
0.00187385 , 0.00586331 , 0.00866047 , 0.00951216 , 0.0109008 , 0.014993 , 0.0462887 , 0.10436 , 0.797548 , 
0.00481175 , 0.00649366 , 0.00760081 , 0.0141932 , 0.0292845 , 0.0521334 , 0.102565 , 0.306466 , 0.476451 , 
0.000382355 , 0.0136041 , 0.0164642 , 0.0345251 , 0.0642183 , 0.0889066 , 0.107032 , 0.207533 , 0.467334 , 
0.0107442 , 0.0173747 , 0.018177 , 0.0258396 , 0.029843 , 0.0436138 , 0.0687729 , 0.217477 , 0.568158 , 
0.0009688 , 0.0014532 , 0.0258108 , 0.0417041 , 0.0679603 , 0.106995 , 0.136357 , 0.197038 , 0.421713 , 
0.00735643 , 0.0249103 , 0.0449748 , 0.0485268 , 0.055959 , 0.0731589 , 0.0757789 , 0.285897 , 0.383438 , 
0.00206894 , 0.00466487 , 0.00503694 , 0.00735084 , 0.0116195 , 0.0215358 , 0.0904338 , 0.376001 , 0.481289 , 
0.000737443 , 0.00110616 , 0.0258619 , 0.0370616 , 0.0444903 , 0.0611451 , 0.0915246 , 0.130742 , 0.607331 , 
0.000137827 , 0.000413482 , 0.00751663 , 0.012389 , 0.0142981 , 0.0188934 , 0.0307678 , 0.0843031 , 0.831281 , 
0.00111541 , 0.00223082 , 0.00334623 , 0.0517715 , 0.0777743 , 0.113419 , 0.143978 , 0.199017 , 0.407348 , 
0.00226252 , 0.00226252 , 0.00452503 , 0.00452503 , 0.00678755 , 0.118056 , 0.161089 , 0.237349 , 0.463144 , 
0.00753179 , 0.0099574 , 0.0125381 , 0.0187239 , 0.0243125 , 0.032105 , 0.100055 , 0.187555 , 0.607221 , 
0.0127119 , 0.0197755 , 0.0237951 , 0.0428087 , 0.0697664 , 0.099014 , 0.12218 , 0.220549 , 0.389399 , 
0.0034521 , 0.00867821 , 0.00972521 , 0.0125336 , 0.0271898 , 0.0513888 , 0.0841853 , 0.282561 , 0.520286 , 
0.00120618 , 0.00304914 , 0.00397821 , 0.00530268 , 0.00783571 , 0.0251593 , 0.0324936 , 0.1334 , 0.787575 , 
0.00649654 , 0.0173649 , 0.0267262 , 0.0308639 , 0.037551 , 0.0564345 , 0.0808902 , 0.123549 , 0.620124 , 
0.0060954 , 0.0133427 , 0.0305995 , 0.0367045 , 0.0417179 , 0.0730031 , 0.0981155 , 0.132886 , 0.567535 , 
0.00624496 , 0.0137039 , 0.0216165 , 0.0416512 , 0.0600755 , 0.0729415 , 0.101868 , 0.16777 , 0.514128 , 
0.000458513 , 0.000917026 , 0.000917026 , 0.00137554 , 0.0381303 , 0.0976844 , 0.160587 , 0.259051 , 0.440879 , 
0.0249414 , 0.0303722 , 0.0384728 , 0.0592801 , 0.0772519 , 0.106849 , 0.166341 , 0.230087 , 0.266405 , 
0.00341747 , 0.0051262 , 0.0051262 , 0.0051262 , 0.0858324 , 0.12842 , 0.165935 , 0.220757 , 0.38026 , 
0.00736864 , 0.0175293 , 0.0244791 , 0.0434861 , 0.0686416 , 0.103804 , 0.129967 , 0.196665 , 0.40806 , 
0.00050202 , 0.00075303 , 0.0160371 , 0.0190241 , 0.0247241 , 0.038236 , 0.0524475 , 0.140916 , 0.70736 , 
0.00134654 , 0.0020198 , 0.0318344 , 0.0500681 , 0.0803277 , 0.121891 , 0.142097 , 0.191247 , 0.379169 , 
0.0114144 , 0.0215842 , 0.0277557 , 0.0403887 , 0.0600879 , 0.094957 , 0.139821 , 0.199863 , 0.404128 , 
0.000636188 , 0.0199587 , 0.0251617 , 0.0443004 , 0.0772431 , 0.0999901 , 0.123692 , 0.221835 , 0.387182 , 
0.0158628 , 0.0229921 , 0.0332069 , 0.0426619 , 0.0511073 , 0.0726785 , 0.0848398 , 0.145279 , 0.531372 , 
0.000835515 , 0.00167103 , 0.00250654 , 0.0391732 , 0.045644 , 0.0608017 , 0.0922899 , 0.13669 , 0.620388 , 
0.000571284 , 0.00438533 , 0.00959651 , 0.0261649 , 0.0632068 , 0.0739323 , 0.175435 , 0.25997 , 0.386738 , 
0 , 0 , 0 , 0 , 0 , 0 , 0 , 0 , 0 , 
0.00157615 , 0.00278867 , 0.00278867 , 0.0208328 , 0.0208328 , 0.162444 , 0.162444 , 0.313146 , 0.313146 , 
0.0141677 , 0.0167146 , 0.016969 , 0.0243096 , 0.0310646 , 0.0365702 , 0.0744258 , 0.087843 , 0.697936 , 
0 , 0 , 0 , 0 , 0 , 0 , 0 , 0 , 0 , 
0.00289168 , 0.00417574 , 0.00539112 , 0.0111497 , 0.0569687 , 0.0809144 , 0.0969133 , 0.203016 , 0.538579 , 
0 , 0 , 0 , 0 , 0 , 0 , 0 , 0 , 0 , 
0 , 0 , 0 , 0 , 0 , 0 , 0 , 0 , 0 , 
0.00677232 , 0.0102267 , 0.0127113 , 0.0175923 , 0.0249633 , 0.0632527 , 0.0797086 , 0.198292 , 0.586481 , 
0 , 0 , 0 , 0 , 0 , 0 , 0 , 0 , 0 , 
0 , 0 , 0 , 0 , 0 , 0 , 0 , 0 , 0 , 
0 , 0 , 0 , 0 , 0 , 0 , 0 , 0 , 0 , 
0 , 0 , 0 , 0 , 0 , 0 , 0 , 0 , 0 , 
0 , 0 , 0 , 0 , 0 , 0 , 0 , 0 , 0 , 
0 , 0 , 0 , 0 , 0 , 0 , 0 , 0 , 0 , 
0.0196749 , 0.0310827 , 0.0471187 , 0.0555359 , 0.0681233 , 0.0851615 , 0.136683 , 0.184298 , 0.372322 , 
0.0184131 , 0.0222935 , 0.029198 , 0.0330005 , 0.0488138 , 0.071207 , 0.108897 , 0.244836 , 0.423341 , 
0.000360029 , 0.00144012 , 0.00144012 , 0.00288023 , 0.00432035 , 0.0886587 , 0.11148 , 0.202892 , 0.586528 , 
0.00206923 , 0.0144126 , 0.0154459 , 0.0180547 , 0.0285876 , 0.04264 , 0.116995 , 0.164785 , 0.597011 , 
0.0120959 , 0.0184629 , 0.0220917 , 0.0291956 , 0.039078 , 0.0505341 , 0.0634623 , 0.15468 , 0.610399 , 
0.00109632 , 0.0015713 , 0.0036047 , 0.0355149 , 0.0418102 , 0.0918039 , 0.206911 , 0.286227 , 0.331461 , 
0.000166786 , 0.00472304 , 0.00999071 , 0.0132414 , 0.0146601 , 0.0286727 , 0.0586814 , 0.144432 , 0.725432 , 
0.000399278 , 0.0125288 , 0.0178127 , 0.0419144 , 0.069224 , 0.0886722 , 0.12222 , 0.222121 , 0.425108 , 
0.00080564 , 0.00322256 , 0.00322256 , 0.00644512 , 0.00966768 , 0.00966768 , 0.182767 , 0.254568 , 0.529633 , 
0.013058 , 0.0178037 , 0.0269915 , 0.0365096 , 0.0445004 , 0.057839 , 0.0994366 , 0.203267 , 0.500595 , 
0.00205865 , 0.0105084 , 0.0176007 , 0.0198024 , 0.0255448 , 0.0288104 , 0.0382905 , 0.165147 , 0.692237 , 
0.0131425 , 0.0265715 , 0.0341766 , 0.0490179 , 0.0702509 , 0.0981852 , 0.136331 , 0.204167 , 0.368158 , 
0.000761206 , 0.0218308 , 0.0306254 , 0.038375 , 0.0623442 , 0.109012 , 0.150234 , 0.210657 , 0.37616 , 
0.000260641 , 0.000521282 , 0.000521282 , 0.000781922 , 0.0198484 , 0.0240787 , 0.040986 , 0.11968 , 0.793322 , 
0.000641452 , 0.00256581 , 0.00256581 , 0.00513161 , 0.00769742 , 0.121272 , 0.182979 , 0.229143 , 0.448004 , 
0.0120541 , 0.0186455 , 0.0284025 , 0.0463314 , 0.0770372 , 0.0982495 , 0.117817 , 0.210627 , 0.390836 , 
0.000963132 , 0.0228524 , 0.034003 , 0.0513616 , 0.0846424 , 0.115041 , 0.13522 , 0.186504 , 0.369413 , 
0.000352777 , 0.0105782 , 0.01282 , 0.029113 , 0.0495874 , 0.0732889 , 0.10229 , 0.150321 , 0.571648 , 
0.000512116 , 0.000793203 , 0.00130068 , 0.0018382 , 0.0153861 , 0.0173008 , 0.0270223 , 0.0745657 , 0.861281 , 
0.01682 , 0.02836 , 0.0303539 , 0.0383509 , 0.0498852 , 0.0668592 , 0.0790257 , 0.170215 , 0.52013 , 
0.00547202 , 0.00674339 , 0.00864983 , 0.0324634 , 0.0402462 , 0.0768987 , 0.10422 , 0.268827 , 0.456479 , 
0.000739218 , 0.0181578 , 0.028922 , 0.0408125 , 0.0587071 , 0.0920911 , 0.135938 , 0.206681 , 0.417952 , 
0.00459907 , 0.00721843 , 0.00883856 , 0.014007 , 0.0187498 , 0.0366612 , 0.156686 , 0.202708 , 0.550532 , 
0.00193572 , 0.00569754 , 0.00831271 , 0.0100719 , 0.0136149 , 0.0263531 , 0.0526282 , 0.123689 , 0.757697 , 
0.00257904 , 0.00445333 , 0.00864691 , 0.0157672 , 0.0190445 , 0.0237905 , 0.0490455 , 0.119804 , 0.756869 , 
0.00473265 , 0.0105476 , 0.0132303 , 0.0185243 , 0.0186026 , 0.0482795 , 0.0574573 , 0.167344 , 0.661282 , 
0 , 0 , 0 , 0 , 0 , 0 , 0 , 0 , 0 , 
