0.00177563 , 0.00177563 , 0.00177563 , 0.00443907 , 0.00443907 , 0.00443907 , 0.0177563 , 0.0355126 , 0.928087 , 
0.00177563 , 0.00177563 , 0.00177563 , 0.00443907 , 0.00443907 , 0.00443907 , 0.0177563 , 0.0355126 , 0.928087 , 
0.000709653 , 0.00177413 , 0.00177413 , 0.00709653 , 0.00709653 , 0.0141931 , 0.0212896 , 0.320612 , 0.625454 , 
0.0666667 , 0.0666667 , 0.0666667 , 0.0666667 , 0.0666667 , 0.166667 , 0.166667 , 0.166667 , 0.166667 , 
0.00056754 , 0.00141885 , 0.00141885 , 0.0056754 , 0.0056754 , 0.0113508 , 0.0170262 , 0.303781 , 0.653086 , 
0.00056754 , 0.00141885 , 0.00141885 , 0.0056754 , 0.0056754 , 0.0113508 , 0.0170262 , 0.303781 , 0.653086 , 
0.00056754 , 0.00141885 , 0.00141885 , 0.0056754 , 0.0056754 , 0.0113508 , 0.0170262 , 0.303781 , 0.653086 , 
0.00056754 , 0.00141885 , 0.00141885 , 0.0056754 , 0.0056754 , 0.0113508 , 0.0170262 , 0.303781 , 0.653086 , 
0.00056754 , 0.00141885 , 0.00141885 , 0.0056754 , 0.0056754 , 0.0113508 , 0.0170262 , 0.303781 , 0.653086 , 
0.00056754 , 0.00141885 , 0.00141885 , 0.0056754 , 0.0056754 , 0.0113508 , 0.0170262 , 0.303781 , 0.653086 , 
0.00056754 , 0.00141885 , 0.00141885 , 0.0056754 , 0.0056754 , 0.0113508 , 0.0170262 , 0.303781 , 0.653086 , 
0.00056754 , 0.00141885 , 0.00141885 , 0.0056754 , 0.0056754 , 0.0113508 , 0.0170262 , 0.303781 , 0.653086 , 
0.00056754 , 0.00141885 , 0.00141885 , 0.0056754 , 0.0056754 , 0.0113508 , 0.0170262 , 0.303781 , 0.653086 , 
0.00056754 , 0.00141885 , 0.00141885 , 0.0056754 , 0.0056754 , 0.0113508 , 0.0170262 , 0.303781 , 0.653086 , 
0.00056754 , 0.00141885 , 0.00141885 , 0.0056754 , 0.0056754 , 0.0113508 , 0.0170262 , 0.303781 , 0.653086 , 
0.00056754 , 0.00141885 , 0.00141885 , 0.0056754 , 0.0056754 , 0.0113508 , 0.0170262 , 0.303781 , 0.653086 , 
0.00056754 , 0.00141885 , 0.00141885 , 0.0056754 , 0.0056754 , 0.0113508 , 0.0170262 , 0.303781 , 0.653086 , 
0 , 0 , 0 , 0 , 0 , 0 , 0 , 0 , 0 , 
0.0512821 , 0.0512821 , 0.0512821 , 0.0512821 , 0.0512821 , 0.0512821 , 0.0512821 , 0.128205 , 0.512821 , 
0.00360449 , 0.00941891 , 0.0164954 , 0.0298543 , 0.0504725 , 0.0806302 , 0.133582 , 0.214739 , 0.461204 , 
0 , 0 , 0 , 0 , 0 , 0 , 0 , 0 , 0 , 
0.00107236 , 0.00160855 , 0.0328669 , 0.0456936 , 0.0644936 , 0.0923126 , 0.133674 , 0.215692 , 0.412586 , 
0.00164308 , 0.0041077 , 0.0041077 , 0.0041077 , 0.0164308 , 0.0164308 , 0.0328616 , 0.0492924 , 0.871018 , 
0.00535769 , 0.00535769 , 0.00803653 , 0.00803653 , 0.00803653 , 0.146921 , 0.188827 , 0.247321 , 0.382107 , 
0.00170909 , 0.00170909 , 0.00170909 , 0.00683635 , 0.00683635 , 0.0136727 , 0.020509 , 0.290654 , 0.656364 , 
0.000853166 , 0.000853166 , 0.00213291 , 0.00213291 , 0.00853166 , 0.0170633 , 0.025595 , 0.025595 , 0.917243 , 
0.00822257 , 0.0160203 , 0.0247956 , 0.0376814 , 0.0541252 , 0.0858135 , 0.132057 , 0.22401 , 0.417275 , 
0.00822257 , 0.0160203 , 0.0247956 , 0.0376814 , 0.0541252 , 0.0858135 , 0.132057 , 0.22401 , 0.417275 , 
0.00686726 , 0.0189963 , 0.0271186 , 0.039553 , 0.0619668 , 0.0913558 , 0.129178 , 0.224357 , 0.400608 , 
0.0102041 , 0.0102041 , 0.0102041 , 0.0255102 , 0.0255102 , 0.102041 , 0.204082 , 0.306122 , 0.306122 , 
0.0125786 , 0.0125786 , 0.0314465 , 0.0314465 , 0.0314465 , 0.125786 , 0.125786 , 0.251572 , 0.377358 , 
0.0125786 , 0.0125786 , 0.0314465 , 0.0314465 , 0.0314465 , 0.125786 , 0.125786 , 0.251572 , 0.377358 , 
0 , 0 , 0 , 0 , 0 , 0 , 0 , 0 , 0 , 
0 , 0 , 0 , 0 , 0 , 0 , 0 , 0 , 0 , 
0.0128205 , 0.0128205 , 0.0128205 , 0.0320513 , 0.0320513 , 0.128205 , 0.128205 , 0.25641 , 0.384615 , 
0.00120044 , 0.00480175 , 0.00480175 , 0.00960349 , 0.0144052 , 0.0144052 , 0.0144052 , 0.0144052 , 0.921972 , 
0.0204082 , 0.0204082 , 0.0204082 , 0.0204082 , 0.0510204 , 0.0510204 , 0.204082 , 0.204082 , 0.408163 , 
0.0018936 , 0.00378721 , 0.00378721 , 0.00568081 , 0.0929316 , 0.124111 , 0.165563 , 0.234298 , 0.367947 , 
0.000325885 , 0.000814713 , 0.00325885 , 0.0065177 , 0.00977655 , 0.00977655 , 0.142429 , 0.00977655 , 0.817325 , 
0.000446216 , 0.000892431 , 0.00133865 , 0.0235577 , 0.0361196 , 0.053035 , 0.0879487 , 0.167138 , 0.629524 , 
0.00151298 , 0.00151298 , 0.00605192 , 0.00605192 , 0.0121038 , 0.0121038 , 0.0181558 , 0.299147 , 0.643359 , 
0.0028865 , 0.005773 , 0.0086595 , 0.0086595 , 0.0086595 , 0.0086595 , 0.0086595 , 0.0086595 , 0.939384 , 
0.00160523 , 0.00160523 , 0.00321046 , 0.00481569 , 0.00481569 , 0.101847 , 0.153079 , 0.231378 , 0.497644 , 
8.85796e-05 , 8.85796e-05 , 8.85796e-05 , 8.85796e-05 , 0.199929 , 0.199929 , 0.199929 , 0.199929 , 0.199929 , 
0.00155136 , 0.00310272 , 0.00465407 , 0.00465407 , 0.08846 , 0.119556 , 0.159451 , 0.232672 , 0.385899 , 
0.00159338 , 0.00239007 , 0.00239007 , 0.0388914 , 0.0545314 , 0.0762551 , 0.122932 , 0.206383 , 0.494633 , 
0.00123242 , 0.00308105 , 0.00308105 , 0.00308105 , 0.0123242 , 0.0123242 , 0.0246484 , 0.0369726 , 0.903255 , 
0.000504216 , 0.00151265 , 0.00151265 , 0.00151265 , 0.0307109 , 0.0486167 , 0.0912064 , 0.215867 , 0.608556 , 
0.000544267 , 0.00136067 , 0.00544267 , 0.00544267 , 0.0108853 , 0.0108853 , 0.016328 , 0.316899 , 0.632212 , 
0.0434783 , 0.0869565 , 0.0869565 , 0.130435 , 0.130435 , 0.130435 , 0.130435 , 0.130435 , 0.130435 , 
0.00300645 , 0.00300645 , 0.0120258 , 0.0120258 , 0.0120258 , 0.0240516 , 0.0240516 , 0.0360773 , 0.873729 , 
0.00102779 , 0.00102779 , 0.00256947 , 0.00256947 , 0.0102779 , 0.0205558 , 0.0205558 , 0.0308337 , 0.910582 , 
0.000647611 , 0.00161903 , 0.00161903 , 0.00647611 , 0.00647611 , 0.0129522 , 0.0194283 , 0.317227 , 0.633554 , 
0.0100503 , 0.0100503 , 0.0251256 , 0.0251256 , 0.0251256 , 0.100503 , 0.201005 , 0.301508 , 0.301508 , 
0.0289855 , 0.0289855 , 0.0724638 , 0.0724638 , 0.0724638 , 0.0724638 , 0.0724638 , 0.289855 , 0.289855 , 
0.000413586 , 0.00165434 , 0.00165434 , 0.00330869 , 0.00496303 , 0.00496303 , 0.110411 , 0.236473 , 0.636159 , 
0.00223794 , 0.00223794 , 0.00447589 , 0.00447589 , 0.00671383 , 0.108838 , 0.152672 , 0.218924 , 0.499424 , 
0.0151446 , 0.0278783 , 0.0418197 , 0.0610718 , 0.0854342 , 0.111401 , 0.14571 , 0.197396 , 0.314144 , 
0.000926853 , 0.000926853 , 0.00370741 , 0.00741483 , 0.00741483 , 0.0111222 , 0.189226 , 0.280006 , 0.499255 , 
0.00124677 , 0.00124677 , 0.00498709 , 0.00498709 , 0.00997418 , 0.0149613 , 0.0149613 , 0.330159 , 0.617476 , 
0.00192585 , 0.00192585 , 0.00192585 , 0.00481462 , 0.00481462 , 0.00481462 , 0.0192585 , 0.0385169 , 0.922003 , 
0.0123457 , 0.0308642 , 0.0308642 , 0.0308642 , 0.0308642 , 0.123457 , 0.123457 , 0.246914 , 0.37037 , 
0.0333333 , 0.0333333 , 0.0333333 , 0.0333333 , 0.0333333 , 0.0833333 , 0.0833333 , 0.333333 , 0.333333 , 
0.030236 , 0.0361001 , 0.0403891 , 0.0460493 , 0.0517994 , 0.0713059 , 0.111141 , 0.214903 , 0.398076 , 
0.00747252 , 0.0112644 , 0.0160982 , 0.0302493 , 0.0786447 , 0.0815054 , 0.101017 , 0.173276 , 0.500472 , 
0.000556211 , 0.00139053 , 0.00139053 , 0.00556211 , 0.00556211 , 0.0111242 , 0.0166863 , 0.305553 , 0.652175 , 
0.0240964 , 0.0240964 , 0.0240964 , 0.0240964 , 0.060241 , 0.060241 , 0.060241 , 0.240964 , 0.481928 , 
0.00181495 , 0.00181495 , 0.00453737 , 0.00453737 , 0.00453737 , 0.0181495 , 0.0181495 , 0.0362989 , 0.91016 , 
0.00184875 , 0.00184875 , 0.00462187 , 0.00462187 , 0.00462187 , 0.0184875 , 0.0184875 , 0.036975 , 0.908487 , 
0.0125786 , 0.0125786 , 0.0314465 , 0.0314465 , 0.0314465 , 0.125786 , 0.125786 , 0.251572 , 0.377358 , 
0.0102041 , 0.0102041 , 0.0102041 , 0.0255102 , 0.0255102 , 0.102041 , 0.204082 , 0.306122 , 0.306122 , 
0.00159164 , 0.00159164 , 0.00159164 , 0.00397909 , 0.00397909 , 0.0159164 , 0.0318328 , 0.0318328 , 0.907685 , 
0.00934579 , 0.00934579 , 0.0233645 , 0.0233645 , 0.0934579 , 0.0934579 , 0.186916 , 0.280374 , 0.280374 , 
0.000606231 , 0.00151558 , 0.00151558 , 0.00606231 , 0.0121246 , 0.0121246 , 0.0181869 , 0.0181869 , 0.929677 , 
0.000941486 , 0.00235372 , 0.00941486 , 0.00941486 , 0.0188297 , 0.0282446 , 0.0282446 , 0.0282446 , 0.874312 , 
0.00854701 , 0.00854701 , 0.0213675 , 0.0213675 , 0.0854701 , 0.17094 , 0.17094 , 0.25641 , 0.25641 , 
0.0123457 , 0.0308642 , 0.0308642 , 0.0308642 , 0.0308642 , 0.123457 , 0.123457 , 0.246914 , 0.37037 , 
0.000376449 , 0.0117804 , 0.0188469 , 0.0299929 , 0.0534825 , 0.0812432 , 0.131799 , 0.218813 , 0.453665 , 
0.00735294 , 0.0183824 , 0.0183824 , 0.0735294 , 0.0735294 , 0.147059 , 0.220588 , 0.220588 , 0.220588 , 
0.00271439 , 0.00271439 , 0.00542878 , 0.00542878 , 0.00814318 , 0.00814318 , 0.159416 , 0.247269 , 0.560742 , 
0.0128205 , 0.0128205 , 0.0128205 , 0.0320513 , 0.0320513 , 0.128205 , 0.128205 , 0.25641 , 0.384615 , 
0.00200809 , 0.00401619 , 0.00602428 , 0.00602428 , 0.102357 , 0.132304 , 0.170351 , 0.228567 , 0.348348 , 
0.0833333 , 0.0833333 , 0.0833333 , 0.0833333 , 0.0833333 , 0.0833333 , 0.0833333 , 0.208333 , 0.208333 , 
0.00189912 , 0.00474781 , 0.00474781 , 0.00474781 , 0.0189912 , 0.0189912 , 0.0379825 , 0.0379825 , 0.86991 , 
0.00068584 , 0.00274336 , 0.00548672 , 0.00548672 , 0.00823008 , 0.134713 , 0.183018 , 0.256664 , 0.402973 , 
0.00056189 , 0.00140472 , 0.00140472 , 0.0056189 , 0.0056189 , 0.0112378 , 0.0168567 , 0.300869 , 0.656428 , 
0.00304975 , 0.00304975 , 0.012199 , 0.012199 , 0.024398 , 0.024398 , 0.036597 , 0.036597 , 0.847513 , 
0.015873 , 0.015873 , 0.015873 , 0.0634921 , 0.126984 , 0.190476 , 0.190476 , 0.190476 , 0.190476 , 
0.000371864 , 0.00111559 , 0.0177342 , 0.0276756 , 0.0442193 , 0.0783474 , 0.124507 , 0.231967 , 0.474063 , 
0.00161111 , 0.00161111 , 0.00402776 , 0.00402776 , 0.00402776 , 0.0161111 , 0.0322221 , 0.0322221 , 0.904139 , 
0.000701741 , 0.000701741 , 0.00280697 , 0.00280697 , 0.00561393 , 0.0084209 , 0.14747 , 0.260414 , 0.571063 , 
0.00176871 , 0.00176871 , 0.00176871 , 0.00442177 , 0.00442177 , 0.0176871 , 0.0176871 , 0.0353742 , 0.915102 , 
0.025641 , 0.025641 , 0.025641 , 0.102564 , 0.102564 , 0.102564 , 0.102564 , 0.205128 , 0.307692 , 
0.000704588 , 0.00176147 , 0.00176147 , 0.00704588 , 0.00704588 , 0.0140918 , 0.0211376 , 0.329427 , 0.617024 , 
0.00184181 , 0.00460454 , 0.00460454 , 0.00460454 , 0.0184181 , 0.0184181 , 0.0184181 , 0.0368363 , 0.892254 , 
0.00041994 , 0.00104985 , 0.0041994 , 0.0041994 , 0.00839879 , 0.0125982 , 0.135268 , 0.249012 , 0.584855 , 
0.00192083 , 0.00192083 , 0.00192083 , 0.00480209 , 0.00480209 , 0.0192083 , 0.0192083 , 0.0384167 , 0.9078 , 
0.00159366 , 0.00159366 , 0.00318732 , 0.00478098 , 0.0817378 , 0.107956 , 0.156461 , 0.232876 , 0.409814 , 
0.111111 , 0.111111 , 0.111111 , 0.111111 , 0.111111 , 0.111111 , 0.111111 , 0.111111 , 0.111111 , 
0.0115691 , 0.0195025 , 0.0286637 , 0.0401162 , 0.0542564 , 0.0744132 , 0.10477 , 0.175308 , 0.491401 , 
0.00969935 , 0.018846 , 0.0281979 , 0.0413693 , 0.0620187 , 0.0903458 , 0.130043 , 0.207011 , 0.41247 , 
0.00201226 , 0.00201226 , 0.00804903 , 0.00804903 , 0.0160981 , 0.0241471 , 0.0241471 , 0.332213 , 0.583273 , 
0.0833333 , 0.0833333 , 0.0833333 , 0.0833333 , 0.0833333 , 0.0833333 , 0.0833333 , 0.208333 , 0.208333 , 
0.00109182 , 0.00436727 , 0.00436727 , 0.00873455 , 0.00873455 , 0.0131018 , 0.201983 , 0.295698 , 0.461922 , 
0.0125786 , 0.0125786 , 0.0314465 , 0.0314465 , 0.0314465 , 0.125786 , 0.125786 , 0.251572 , 0.377358 , 
0.00735294 , 0.0183824 , 0.0183824 , 0.0735294 , 0.0735294 , 0.147059 , 0.220588 , 0.220588 , 0.220588 , 
0.00142206 , 0.00142206 , 0.00355514 , 0.00355514 , 0.0142206 , 0.0142206 , 0.0284411 , 0.0426617 , 0.890502 , 
0.00136675 , 0.00136675 , 0.00136675 , 0.00341689 , 0.0136675 , 0.0136675 , 0.0273351 , 0.0410026 , 0.89681 , 
0.00162354 , 0.00649418 , 0.00649418 , 0.0129884 , 0.0129884 , 0.0194825 , 0.0194825 , 0.358937 , 0.561509 , 
0.000802197 , 0.00320879 , 0.00641758 , 0.00641758 , 0.00962637 , 0.00962637 , 0.186639 , 0.289027 , 0.488235 , 
0.0123457 , 0.0308642 , 0.0308642 , 0.0308642 , 0.0308642 , 0.123457 , 0.123457 , 0.246914 , 0.37037 , 
0.000564068 , 0.00141017 , 0.00141017 , 0.00564068 , 0.00564068 , 0.0112814 , 0.016922 , 0.290022 , 0.667109 , 
0.000529085 , 0.00132271 , 0.00529085 , 0.00529085 , 0.0105817 , 0.0105817 , 0.0158725 , 0.313226 , 0.637305 , 
0.000454949 , 0.00074285 , 0.00074285 , 0.00092341 , 0.0118128 , 0.0118128 , 0.0282136 , 0.0282136 , 0.917083 , 
0.000476936 , 0.00119234 , 0.00476936 , 0.00476936 , 0.00953872 , 0.0143081 , 0.0143081 , 0.30943 , 0.641207 , 
0.00118858 , 0.00297145 , 0.00297145 , 0.0118858 , 0.0118858 , 0.0118858 , 0.0237716 , 0.0356574 , 0.897782 , 
0.0141844 , 0.0141844 , 0.0141844 , 0.035461 , 0.035461 , 0.035461 , 0.141844 , 0.283688 , 0.425532 , 
0.000519909 , 0.00129977 , 0.00519909 , 0.00519909 , 0.0103982 , 0.0103982 , 0.0155973 , 0.324557 , 0.626832 , 
0.000981984 , 0.00392793 , 0.00392793 , 0.00785587 , 0.00785587 , 0.0117838 , 0.202077 , 0.291657 , 0.469932 , 
0.0165289 , 0.0165289 , 0.0165289 , 0.0413223 , 0.0413223 , 0.0413223 , 0.165289 , 0.165289 , 0.495868 , 
0.00763671 , 0.0138428 , 0.0230511 , 0.0365482 , 0.0577362 , 0.0884274 , 0.13372 , 0.219237 , 0.4198 , 
0.00156188 , 0.00624752 , 0.00624752 , 0.012495 , 0.012495 , 0.0187426 , 0.0187426 , 0.363357 , 0.560111 , 
0.00150881 , 0.0235277 , 0.03753 , 0.0531196 , 0.0727607 , 0.0959075 , 0.130195 , 0.208189 , 0.377262 , 
0.000301496 , 0.000452244 , 0.0129271 , 0.0197534 , 0.0271244 , 0.0406618 , 0.0574556 , 0.143864 , 0.69746 , 
0 , 0 , 0 , 0 , 0 , 0 , 0 , 0 , 0 , 
0.040095 , 0.0504402 , 0.0611509 , 0.0806686 , 0.0875141 , 0.0982028 , 0.136887 , 0.162682 , 0.282359 , 
0.02 , 0.02 , 0.02 , 0.02 , 0.02 , 0.05 , 0.05 , 0.2 , 0.6 , 
0.0112994 , 0.0282486 , 0.0282486 , 0.0282486 , 0.112994 , 0.112994 , 0.112994 , 0.225989 , 0.338983 , 
0.0204082 , 0.0204082 , 0.0204082 , 0.0204082 , 0.0510204 , 0.0510204 , 0.204082 , 0.204082 , 0.408163 , 
0.0169492 , 0.0169492 , 0.0169492 , 0.0169492 , 0.0423729 , 0.0423729 , 0.169492 , 0.169492 , 0.508475 , 
0.00046381 , 0.00115953 , 0.00115953 , 0.0046381 , 0.0046381 , 0.00927621 , 0.0139143 , 0.279717 , 0.685034 , 
0.00133657 , 0.0053463 , 0.0053463 , 0.0106926 , 0.0106926 , 0.0160389 , 0.0160389 , 0.339223 , 0.595284 , 
0.000697559 , 0.0017439 , 0.0017439 , 0.00697559 , 0.00697559 , 0.0139512 , 0.0209268 , 0.325848 , 0.621138 , 
0.0240964 , 0.0240964 , 0.0240964 , 0.0240964 , 0.060241 , 0.060241 , 0.060241 , 0.240964 , 0.481928 , 
0.000504443 , 0.00201777 , 0.00403554 , 0.00403554 , 0.00605332 , 0.107122 , 0.153946 , 0.237091 , 0.485194 , 
0.000619308 , 0.00154827 , 0.00619308 , 0.00619308 , 0.0123862 , 0.0123862 , 0.0185792 , 0.332581 , 0.609514 , 
0.00109757 , 0.00274393 , 0.00274393 , 0.00274393 , 0.0219514 , 0.0329271 , 0.0329271 , 0.0329271 , 0.869938 , 
0.000332047 , 0.000830117 , 0.000830117 , 0.00332047 , 0.00332047 , 0.00664094 , 0.00996141 , 0.202735 , 0.772029 , 
0.000691874 , 0.000691874 , 0.00276749 , 0.00276749 , 0.00553499 , 0.00830248 , 0.132998 , 0.228342 , 0.617904 , 
0.00190048 , 0.00285071 , 0.0462433 , 0.0616533 , 0.077049 , 0.0982128 , 0.132987 , 0.206836 , 0.372267 , 
0.000363394 , 0.000908485 , 0.000908485 , 0.00363394 , 0.00726788 , 0.0109018 , 0.163602 , 0.257165 , 0.555248 , 
0 , 0 , 0 , 0 , 0 , 0 , 0 , 0 , 0 , 
0.00110445 , 0.00110445 , 0.00276112 , 0.00276112 , 0.0110445 , 0.0110445 , 0.0220889 , 0.0331334 , 0.914958 , 
0.0416667 , 0.0416667 , 0.0416667 , 0.0416667 , 0.104167 , 0.104167 , 0.104167 , 0.104167 , 0.416667 , 
0.000547607 , 0.0147622 , 0.0248583 , 0.0371219 , 0.0547068 , 0.0811207 , 0.126652 , 0.210609 , 0.449622 , 
0.0416667 , 0.0416667 , 0.0416667 , 0.0416667 , 0.104167 , 0.104167 , 0.104167 , 0.104167 , 0.416667 , 
0.0144928 , 0.0144928 , 0.0144928 , 0.0144928 , 0.0362319 , 0.0362319 , 0.144928 , 0.289855 , 0.434783 , 
0.00112488 , 0.00112488 , 0.00281221 , 0.00281221 , 0.0112488 , 0.0224977 , 0.0224977 , 0.0337465 , 0.902135 , 
0.000530544 , 0.000530544 , 0.00132636 , 0.00132636 , 0.00530544 , 0.0106109 , 0.0159163 , 0.277099 , 0.687355 , 
0.025 , 0.025 , 0.025 , 0.025 , 0.025 , 0.0625 , 0.0625 , 0.25 , 0.5 , 
0.00117954 , 0.00117954 , 0.00235908 , 0.00353862 , 0.0675223 , 0.0984694 , 0.144243 , 0.240143 , 0.441365 , 
0.000541664 , 0.000541664 , 0.00135416 , 0.00135416 , 0.00541664 , 0.0108333 , 0.0162499 , 0.255804 , 0.707904 , 
0.031746 , 0.031746 , 0.031746 , 0.031746 , 0.0793651 , 0.0793651 , 0.0793651 , 0.31746 , 0.31746 , 
0.000400904 , 0.00100226 , 0.00100226 , 0.00400904 , 0.00801807 , 0.00801807 , 0.0120271 , 0.285302 , 0.680221 , 
0.0833333 , 0.0833333 , 0.0833333 , 0.0833333 , 0.0833333 , 0.0833333 , 0.0833333 , 0.208333 , 0.208333 , 
0.000643755 , 0.000643755 , 0.00160939 , 0.00160939 , 0.00160939 , 0.00643755 , 0.0128751 , 0.272705 , 0.701867 , 
0.000808799 , 0.0180585 , 0.0279663 , 0.0414725 , 0.0594499 , 0.0867229 , 0.133242 , 0.223595 , 0.408684 , 
0.000643757 , 0.00128751 , 0.00193127 , 0.0307466 , 0.0429132 , 0.0641816 , 0.0986153 , 0.200265 , 0.559415 , 
0 , 0 , 0 , 0 , 0 , 0 , 0 , 0 , 0 , 
0.025 , 0.025 , 0.025 , 0.025 , 0.025 , 0.0625 , 0.0625 , 0.25 , 0.5 , 
0.0019211 , 0.0019211 , 0.00480275 , 0.00480275 , 0.00480275 , 0.019211 , 0.038422 , 0.057633 , 0.866484 , 
0.0434783 , 0.0869565 , 0.0869565 , 0.130435 , 0.130435 , 0.130435 , 0.130435 , 0.130435 , 0.130435 , 
0 , 0 , 0 , 0 , 0 , 0 , 0 , 0 , 0 , 
0.0225288 , 0.0322315 , 0.0440303 , 0.0534537 , 0.0646425 , 0.0838979 , 0.108444 , 0.179088 , 0.411683 , 
0.00114701 , 0.00229402 , 0.00229402 , 0.00344103 , 0.0584097 , 0.087796 , 0.128282 , 0.219842 , 0.496494 , 
0.047619 , 0.047619 , 0.047619 , 0.047619 , 0.047619 , 0.047619 , 0.119048 , 0.119048 , 0.47619 , 
0.000628754 , 0.000628754 , 0.00157188 , 0.00157188 , 0.00157188 , 0.00628754 , 0.0188626 , 0.0188626 , 0.950014 , 
0.0112994 , 0.0282486 , 0.0282486 , 0.0282486 , 0.112994 , 0.112994 , 0.112994 , 0.225989 , 0.338983 , 
0.000327054 , 0.000817636 , 0.000817636 , 0.00327054 , 0.00654109 , 0.00981163 , 0.148088 , 0.250231 , 0.580095 , 
0.000839903 , 0.00209976 , 0.00209976 , 0.00209976 , 0.00839903 , 0.0167981 , 0.0251971 , 0.0251971 , 0.91727 , 
0.019802 , 0.019802 , 0.019802 , 0.049505 , 0.049505 , 0.049505 , 0.19802 , 0.19802 , 0.39604 , 
0.00171783 , 0.00171783 , 0.00171783 , 0.00429458 , 0.00429458 , 0.0171783 , 0.0171783 , 0.0343567 , 0.917544 , 
0.00118723 , 0.00118723 , 0.0047489 , 0.00949781 , 0.00949781 , 0.0142467 , 0.0142467 , 0.328329 , 0.617059 , 
0.00147133 , 0.00147133 , 0.00294266 , 0.00441399 , 0.0673488 , 0.100124 , 0.152911 , 0.230423 , 0.438894 , 
0.000553176 , 0.0130228 , 0.018929 , 0.0247973 , 0.0405929 , 0.0628262 , 0.107406 , 0.229556 , 0.502317 , 
0.0192308 , 0.0192308 , 0.0480769 , 0.0480769 , 0.0480769 , 0.0480769 , 0.192308 , 0.192308 , 0.384615 , 
0.00070914 , 0.00141828 , 0.00212742 , 0.0345538 , 0.0486529 , 0.0705471 , 0.103261 , 0.188677 , 0.550053 , 
0.0100503 , 0.0100503 , 0.0251256 , 0.0251256 , 0.0251256 , 0.100503 , 0.201005 , 0.301508 , 0.301508 , 
0.0740741 , 0.0740741 , 0.0740741 , 0.0740741 , 0.0740741 , 0.0740741 , 0.185185 , 0.185185 , 0.185185 , 
0.00131219 , 0.00328046 , 0.00328046 , 0.0131219 , 0.0131219 , 0.0262437 , 0.0262437 , 0.0393656 , 0.87403 , 
0.000199786 , 0.000499465 , 0.000499465 , 0.00199786 , 0.00199786 , 0.00399572 , 0.0834573 , 0.178624 , 0.728729 , 
0.0143885 , 0.0143885 , 0.0359712 , 0.0359712 , 0.0359712 , 0.143885 , 0.143885 , 0.28777 , 0.28777 , 
0.0165289 , 0.0165289 , 0.0165289 , 0.0413223 , 0.0413223 , 0.0413223 , 0.165289 , 0.165289 , 0.495868 , 
0.000362439 , 0.00144976 , 0.00144976 , 0.00289951 , 0.00434927 , 0.0844667 , 0.133164 , 0.237472 , 0.534387 , 
0.00132436 , 0.00264873 , 0.00397309 , 0.00397309 , 0.0450331 , 0.0662835 , 0.110885 , 0.211097 , 0.554783 , 
0.00101913 , 0.00101913 , 0.00407651 , 0.00407651 , 0.00815303 , 0.0122295 , 0.0122295 , 0.277545 , 0.679652 , 
4.68384e-05 , 8.41638e-05 , 8.41638e-05 , 0.00013365 , 0.00013365 , 0.000423927 , 0.000423927 , 0.499335 , 0.499335 , 
0.00355738 , 0.00390731 , 0.00979201 , 0.0112795 , 0.0171825 , 0.0289818 , 0.0298929 , 0.0510446 , 0.844362 , 
0.000401705 , 0.00160682 , 0.00321364 , 0.00482046 , 0.00482046 , 0.105489 , 0.15628 , 0.255383 , 0.467985 , 
0.0123457 , 0.0308642 , 0.0308642 , 0.0308642 , 0.0308642 , 0.123457 , 0.123457 , 0.246914 , 0.37037 , 
0.0101523 , 0.0253807 , 0.0253807 , 0.0253807 , 0.101523 , 0.101523 , 0.203046 , 0.203046 , 0.304569 , 
0.0111732 , 0.0111732 , 0.027933 , 0.027933 , 0.027933 , 0.111732 , 0.223464 , 0.223464 , 0.335196 , 
0.000235307 , 0.000588267 , 0.00235307 , 0.00235307 , 0.00470614 , 0.0070592 , 0.0070592 , 0.246369 , 0.729276 , 
0.000404791 , 0.00101198 , 0.00404791 , 0.00404791 , 0.00809582 , 0.0121437 , 0.0121437 , 0.290214 , 0.66789 , 
0.00161541 , 0.00646162 , 0.00646162 , 0.0129232 , 0.0129232 , 0.0193849 , 0.0193849 , 0.323321 , 0.597524 , 
0.000640265 , 0.000640265 , 0.00256106 , 0.00512212 , 0.00512212 , 0.00768318 , 0.149641 , 0.263678 , 0.564912 , 
0.025 , 0.025 , 0.025 , 0.025 , 0.025 , 0.0625 , 0.0625 , 0.25 , 0.5 , 
0.047619 , 0.047619 , 0.047619 , 0.047619 , 0.047619 , 0.047619 , 0.119048 , 0.119048 , 0.47619 , 
0.00114211 , 0.00114211 , 0.00285529 , 0.00285529 , 0.0114211 , 0.0114211 , 0.0228423 , 0.0342634 , 0.912057 , 
0.00320428 , 0.00320428 , 0.00640856 , 0.00640856 , 0.00961284 , 0.00961284 , 0.191708 , 0.294805 , 0.475035 , 
0.0124001 , 0.0245672 , 0.0385045 , 0.0518798 , 0.071214 , 0.0987924 , 0.140336 , 0.205484 , 0.356822 , 
0.00144223 , 0.00576894 , 0.00576894 , 0.0115379 , 0.0115379 , 0.0173068 , 0.0173068 , 0.305162 , 0.624169 , 
0.00183909 , 0.00735636 , 0.00735636 , 0.0147127 , 0.0147127 , 0.0147127 , 0.0220691 , 0.358847 , 0.558394 , 
0.00144905 , 0.00376577 , 0.00810927 , 0.0203007 , 0.0265184 , 0.0622845 , 0.0894195 , 0.243602 , 0.544551 , 
0.0666667 , 0.0666667 , 0.0666667 , 0.0666667 , 0.0666667 , 0.166667 , 0.166667 , 0.166667 , 0.166667 , 
0.000879141 , 0.000879141 , 0.00351657 , 0.00703313 , 0.00703313 , 0.0105497 , 0.18662 , 0.277888 , 0.505601 , 
0.00293437 , 0.00293437 , 0.0435267 , 0.0619962 , 0.0812931 , 0.108037 , 0.157774 , 0.211101 , 0.330403 , 
0.00180366 , 0.00450914 , 0.00450914 , 0.0180366 , 0.0180366 , 0.0180366 , 0.0360731 , 0.0541097 , 0.844886 , 
0.0444444 , 0.0444444 , 0.0444444 , 0.0444444 , 0.0444444 , 0.111111 , 0.111111 , 0.111111 , 0.444444 , 
0.0740741 , 0.0740741 , 0.0740741 , 0.0740741 , 0.0740741 , 0.0740741 , 0.185185 , 0.185185 , 0.185185 , 
0.000407966 , 0.00101992 , 0.00407966 , 0.00407966 , 0.00815933 , 0.00815933 , 0.012239 , 0.280241 , 0.681614 , 
0.000851097 , 0.00170219 , 0.00255329 , 0.0393817 , 0.0581252 , 0.0838275 , 0.1312 , 0.216015 , 0.466344 , 
0.00029557 , 0.000738924 , 0.0029557 , 0.0029557 , 0.00591139 , 0.00886709 , 0.148302 , 0.247148 , 0.582826 , 
0.000697667 , 0.00279067 , 0.00279067 , 0.00558134 , 0.008372 , 0.008372 , 0.143086 , 0.239784 , 0.588526 , 
0.0187235 , 0.0326556 , 0.0476959 , 0.0617175 , 0.0776394 , 0.104446 , 0.14111 , 0.198098 , 0.317913 , 
0.000337746 , 0.00135098 , 0.00270197 , 0.00270197 , 0.00405295 , 0.0615226 , 0.0961311 , 0.187666 , 0.643535 , 
0.00222898 , 0.00222898 , 0.00222898 , 0.00557245 , 0.00557245 , 0.0222898 , 0.0222898 , 0.0445796 , 0.893009 , 
0.000550729 , 0.00220292 , 0.00220292 , 0.00440583 , 0.00660875 , 0.00660875 , 0.130011 , 0.199461 , 0.647947 , 
0.000104193 , 0.000148104 , 0.000201893 , 0.000201893 , 0.000218695 , 0.00029409 , 0.00029409 , 0.000648395 , 0.997889 , 
0.00106577 , 0.00106577 , 0.00266443 , 0.00266443 , 0.0106577 , 0.0213154 , 0.0319731 , 0.0319731 , 0.89662 , 
0.000457077 , 0.00114269 , 0.00114269 , 0.00457077 , 0.00457077 , 0.00914154 , 0.0137123 , 0.268132 , 0.69713 , 
0.00206784 , 0.00206784 , 0.00310176 , 0.0519113 , 0.0706262 , 0.0996212 , 0.140823 , 0.213943 , 0.415837 , 
0.00132385 , 0.00330963 , 0.00330963 , 0.0132385 , 0.0132385 , 0.0264771 , 0.0264771 , 0.0397156 , 0.87291 , 
0.0128205 , 0.0128205 , 0.0128205 , 0.0320513 , 0.0320513 , 0.128205 , 0.128205 , 0.25641 , 0.384615 , 
0.000135479 , 0.000135479 , 0.000135479 , 0.000570446 , 0.000570446 , 0.000570446 , 0.332627 , 0.332627 , 0.332627 , 
0.0416667 , 0.0416667 , 0.0416667 , 0.0416667 , 0.104167 , 0.104167 , 0.104167 , 0.104167 , 0.416667 , 
0.000415553 , 0.00166221 , 0.00166221 , 0.00332442 , 0.00498664 , 0.00498664 , 0.115612 , 0.222909 , 0.644442 , 
0.00213443 , 0.00213443 , 0.00533608 , 0.00533608 , 0.00533608 , 0.0213443 , 0.0213443 , 0.0426886 , 0.894346 , 
0.0125786 , 0.0125786 , 0.0314465 , 0.0314465 , 0.0314465 , 0.125786 , 0.125786 , 0.251572 , 0.377358 , 
0.0141844 , 0.0141844 , 0.0141844 , 0.035461 , 0.035461 , 0.035461 , 0.141844 , 0.283688 , 0.425532 , 
0.030303 , 0.030303 , 0.030303 , 0.030303 , 0.030303 , 0.121212 , 0.121212 , 0.242424 , 0.363636 , 
0.000565041 , 0.00226016 , 0.00452033 , 0.00678049 , 0.00678049 , 0.00678049 , 0.143317 , 0.260465 , 0.568531 , 
0.00149284 , 0.00597138 , 0.00597138 , 0.0119428 , 0.0119428 , 0.0179141 , 0.0179141 , 0.353306 , 0.573545 , 
0.000620428 , 0.00155107 , 0.00155107 , 0.00620428 , 0.00620428 , 0.0124086 , 0.0186129 , 0.324111 , 0.628736 , 
0.00281274 , 0.00281274 , 0.00703184 , 0.00703184 , 0.00703184 , 0.0281274 , 0.0562547 , 0.804515 , 0.0843821 , 
0.012987 , 0.0519481 , 0.0519481 , 0.103896 , 0.155844 , 0.155844 , 0.155844 , 0.155844 , 0.155844 , 
0.0010373 , 0.00155595 , 0.0296174 , 0.0414295 , 0.0651143 , 0.0978046 , 0.135185 , 0.244111 , 0.384145 , 
0 , 0 , 0 , 0 , 0 , 0 , 0 , 0 , 0 , 
0.111111 , 0.111111 , 0.111111 , 0.111111 , 0.111111 , 0.111111 , 0.111111 , 0.111111 , 0.111111 , 
0.0444444 , 0.0444444 , 0.0444444 , 0.0444444 , 0.0444444 , 0.111111 , 0.111111 , 0.111111 , 0.444444 , 
0.0165289 , 0.0165289 , 0.0165289 , 0.0413223 , 0.0413223 , 0.0413223 , 0.165289 , 0.165289 , 0.495868 , 
0.0392157 , 0.0392157 , 0.0392157 , 0.0980392 , 0.0980392 , 0.0980392 , 0.0980392 , 0.0980392 , 0.392157 , 
0.0165289 , 0.0165289 , 0.0165289 , 0.0413223 , 0.0413223 , 0.0413223 , 0.165289 , 0.165289 , 0.495868 , 
0.00164154 , 0.00410385 , 0.00410385 , 0.0164154 , 0.0164154 , 0.0164154 , 0.0328308 , 0.0492462 , 0.858828 , 
0.047619 , 0.047619 , 0.047619 , 0.047619 , 0.047619 , 0.047619 , 0.119048 , 0.119048 , 0.47619 , 
0.00442957 , 0.00442957 , 0.0177183 , 0.0177183 , 0.0177183 , 0.0354366 , 0.0354366 , 0.0531549 , 0.813958 , 
0.0289855 , 0.0289855 , 0.0724638 , 0.0724638 , 0.0724638 , 0.0724638 , 0.0724638 , 0.289855 , 0.289855 , 
0.00204491 , 0.00204491 , 0.00817966 , 0.00817966 , 0.0163593 , 0.0163593 , 0.024539 , 0.024539 , 0.897754 , 
0.000431402 , 0.00107851 , 0.00107851 , 0.00431402 , 0.00862804 , 0.00862804 , 0.0129421 , 0.261913 , 0.700987 , 
0.000767343 , 0.000767343 , 0.00191836 , 0.00191836 , 0.00767343 , 0.0153469 , 0.0230203 , 0.0230203 , 0.925568 , 
0.0833333 , 0.0833333 , 0.0833333 , 0.0833333 , 0.0833333 , 0.0833333 , 0.0833333 , 0.208333 , 0.208333 , 
0.016129 , 0.016129 , 0.0403226 , 0.0403226 , 0.0403226 , 0.0403226 , 0.16129 , 0.16129 , 0.483871 , 
0.000650566 , 0.000650566 , 0.00162641 , 0.00162641 , 0.00650566 , 0.0130113 , 0.019517 , 0.306926 , 0.649486 , 
0.00127774 , 0.00127774 , 0.00319435 , 0.00319435 , 0.00319435 , 0.0127774 , 0.0255548 , 0.0383322 , 0.911197 , 
0.00153202 , 0.00306405 , 0.00306405 , 0.00459607 , 0.0746361 , 0.0992881 , 0.137834 , 0.229254 , 0.446732 , 
0.000963002 , 0.0247547 , 0.0385204 , 0.055676 , 0.0741677 , 0.105784 , 0.147215 , 0.209423 , 0.343497 , 
0.000494952 , 0.00197981 , 0.00197981 , 0.00395961 , 0.00593942 , 0.00593942 , 0.126892 , 0.224537 , 0.628277 , 
0.0307692 , 0.0307692 , 0.0307692 , 0.0307692 , 0.0307692 , 0.0769231 , 0.0769231 , 0.0769231 , 0.615385 , 
0.000348901 , 0.000348901 , 0.000872253 , 0.000872253 , 0.00348901 , 0.00697802 , 0.010467 , 0.256193 , 0.72043 , 
0.00121322 , 0.00303305 , 0.00303305 , 0.0121322 , 0.0121322 , 0.0242644 , 0.0363966 , 0.0363966 , 0.871399 , 
0.000500437 , 0.000500437 , 0.00200175 , 0.0040035 , 0.0040035 , 0.00600525 , 0.123706 , 0.21154 , 0.64774 , 
0.00052959 , 0.00211836 , 0.00211836 , 0.00423672 , 0.00635508 , 0.00635508 , 0.124045 , 0.228229 , 0.626013 , 
0.04 , 0.04 , 0.04 , 0.04 , 0.04 , 0.16 , 0.16 , 0.16 , 0.32 , 
0.0015151 , 0.0015151 , 0.0015151 , 0.00378776 , 0.00378776 , 0.015151 , 0.015151 , 0.0454531 , 0.912124 , 
0.000519022 , 0.00207609 , 0.00415218 , 0.00415218 , 0.00622827 , 0.109853 , 0.159915 , 0.253583 , 0.459521 , 
0.00104082 , 0.00156122 , 0.0255678 , 0.037671 , 0.0566914 , 0.0866399 , 0.124063 , 0.216559 , 0.450206 , 
0.00544885 , 0.0104417 , 0.0172396 , 0.0293844 , 0.0448908 , 0.0638836 , 0.126118 , 0.271617 , 0.430977 , 
0.00135285 , 0.00135285 , 0.00338212 , 0.00338212 , 0.0135285 , 0.0135285 , 0.027057 , 0.0405855 , 0.895831 , 
0.000596399 , 0.0011928 , 0.0017892 , 0.0328066 , 0.049332 , 0.0758399 , 0.120257 , 0.209536 , 0.50865 , 
0.000202681 , 0.000405362 , 0.000405362 , 0.000608043 , 0.0212258 , 0.0401435 , 0.0776336 , 0.220374 , 0.639002 , 
0.00735294 , 0.0183824 , 0.0183824 , 0.0735294 , 0.0735294 , 0.147059 , 0.220588 , 0.220588 , 0.220588 , 
0.00197733 , 0.00197733 , 0.00296599 , 0.0533451 , 0.0760454 , 0.104677 , 0.146395 , 0.218489 , 0.394127 , 
0 , 0 , 0 , 0 , 0 , 0 , 0 , 0 , 0 , 
0.000477388 , 0.000477388 , 0.00119347 , 0.00477388 , 0.00477388 , 0.00954776 , 0.0143216 , 0.265033 , 0.699401 , 
0.0349646 , 0.0457773 , 0.0558368 , 0.0726286 , 0.086184 , 0.1048 , 0.133541 , 0.184345 , 0.281922 , 
0.000447439 , 0.0011186 , 0.0011186 , 0.00447439 , 0.00894878 , 0.0134232 , 0.0134232 , 0.279445 , 0.677601 , 
0.00162207 , 0.00162207 , 0.00405518 , 0.00405518 , 0.00405518 , 0.0162207 , 0.0162207 , 0.0324414 , 0.919708 , 
0.0125786 , 0.0125786 , 0.0314465 , 0.0314465 , 0.0314465 , 0.125786 , 0.125786 , 0.251572 , 0.377358 , 
0.00142503 , 0.00356257 , 0.00356257 , 0.0142503 , 0.0142503 , 0.0285006 , 0.0285006 , 0.0427508 , 0.863197 , 
5.59266e-05 , 5.59266e-05 , 0.00016778 , 0.00016778 , 0.00946822 , 0.01897 , 0.0291515 , 0.0969625 , 0.845 , 
0.000500584 , 0.000500584 , 0.00125146 , 0.00125146 , 0.00500584 , 0.0100117 , 0.0150175 , 0.267588 , 0.698873 , 
0.00320243 , 0.0128097 , 0.0256194 , 0.0256194 , 0.0384291 , 0.0384291 , 0.0384291 , 0.0384291 , 0.779032 , 
0.00101207 , 0.00404826 , 0.00404826 , 0.00809653 , 0.0121448 , 0.0121448 , 0.210987 , 0.2922 , 0.455318 , 
0.000602586 , 0.00241034 , 0.00723103 , 0.00723103 , 0.00723103 , 0.00723103 , 0.126844 , 0.25692 , 0.584298 , 
0.047619 , 0.047619 , 0.047619 , 0.047619 , 0.047619 , 0.047619 , 0.119048 , 0.119048 , 0.47619 , 
0.0204082 , 0.0204082 , 0.0204082 , 0.0204082 , 0.0510204 , 0.0510204 , 0.204082 , 0.204082 , 0.408163 , 
0.000140944 , 0.000563776 , 0.00112755 , 0.00112755 , 0.00169133 , 0.00169133 , 0.0585077 , 0.15932 , 0.77583 , 
0.000616582 , 0.00154145 , 0.00616582 , 0.00616582 , 0.0123316 , 0.0123316 , 0.0184975 , 0.310447 , 0.631903 , 
0.0169492 , 0.0169492 , 0.0169492 , 0.0169492 , 0.0423729 , 0.0423729 , 0.169492 , 0.169492 , 0.508475 , 
0.02 , 0.02 , 0.02 , 0.02 , 0.02 , 0.05 , 0.05 , 0.2 , 0.6 , 
0.00271269 , 0.00271269 , 0.00271269 , 0.0108507 , 0.0108507 , 0.0217015 , 0.0325522 , 0.0325522 , 0.883355 , 
0.0015268 , 0.0030536 , 0.0030536 , 0.0045804 , 0.0735339 , 0.1003 , 0.146365 , 0.228165 , 0.439422 , 
0.019802 , 0.019802 , 0.019802 , 0.049505 , 0.049505 , 0.049505 , 0.19802 , 0.19802 , 0.39604 , 
8.76115e-05 , 8.76115e-05 , 0.000219029 , 0.000219029 , 0.00175223 , 0.00262834 , 0.0636646 , 0.177986 , 0.753356 , 
0.00325542 , 0.00325542 , 0.00325542 , 0.0130217 , 0.0130217 , 0.0260433 , 0.0260433 , 0.039065 , 0.873039 , 
0.000452346 , 0.00113087 , 0.00113087 , 0.00452346 , 0.00452346 , 0.00904693 , 0.0135704 , 0.26446 , 0.701162 , 
0.000482706 , 0.00193082 , 0.00386165 , 0.00579247 , 0.00579247 , 0.108015 , 0.158127 , 0.252536 , 0.463463 , 
0.0123457 , 0.0308642 , 0.0308642 , 0.0308642 , 0.0308642 , 0.123457 , 0.123457 , 0.246914 , 0.37037 , 
0.00137493 , 0.00343733 , 0.00343733 , 0.0137493 , 0.0137493 , 0.0137493 , 0.0274987 , 0.041248 , 0.881756 , 
0.0101209 , 0.0197527 , 0.0368731 , 0.0507344 , 0.0679918 , 0.101869 , 0.147697 , 0.212276 , 0.352686 , 
0.0186916 , 0.046729 , 0.046729 , 0.046729 , 0.046729 , 0.046729 , 0.186916 , 0.186916 , 0.373832 , 
0.00146691 , 0.00146691 , 0.00146691 , 0.00366727 , 0.00366727 , 0.0146691 , 0.0146691 , 0.0440072 , 0.914919 , 
0.00146801 , 0.00146801 , 0.00367003 , 0.00367003 , 0.0146801 , 0.0146801 , 0.0293602 , 0.0440403 , 0.886963 , 
0.000280775 , 0.000701938 , 0.00280775 , 0.00280775 , 0.0056155 , 0.00842325 , 0.160938 , 0.259571 , 0.558854 , 
0 , 0 , 0 , 0 , 0 , 0 , 0 , 0 , 0 , 
0.000394707 , 0.00157883 , 0.00315766 , 0.00315766 , 0.00473649 , 0.089193 , 0.136604 , 0.230979 , 0.530199 , 
0.000609974 , 0.000609974 , 0.00152494 , 0.00152494 , 0.00609974 , 0.00609974 , 0.0182992 , 0.275827 , 0.689404 , 
0.000613849 , 0.000920773 , 0.0167834 , 0.0246217 , 0.0365518 , 0.0554531 , 0.0842311 , 0.151149 , 0.629675 , 
0.0444444 , 0.0444444 , 0.0444444 , 0.0444444 , 0.0444444 , 0.111111 , 0.111111 , 0.111111 , 0.444444 , 
0.031746 , 0.031746 , 0.031746 , 0.031746 , 0.0793651 , 0.0793651 , 0.0793651 , 0.31746 , 0.31746 , 
0.00132168 , 0.00264337 , 0.00264337 , 0.00396505 , 0.0679479 , 0.0971769 , 0.144926 , 0.225645 , 0.45373 , 
0 , 0 , 0 , 0 , 0 , 0 , 0 , 0 , 0 , 
0.0267156 , 0.0368302 , 0.0496897 , 0.0673192 , 0.0810631 , 0.105991 , 0.14291 , 0.189418 , 0.300063 , 
0.00105594 , 0.00105594 , 0.00105594 , 0.00263986 , 0.00263986 , 0.0105594 , 0.0211189 , 0.0316783 , 0.928196 , 
0.0141844 , 0.0141844 , 0.0141844 , 0.035461 , 0.035461 , 0.035461 , 0.141844 , 0.283688 , 0.425532 , 
0.0434783 , 0.0869565 , 0.0869565 , 0.130435 , 0.130435 , 0.130435 , 0.130435 , 0.130435 , 0.130435 , 
0.0125786 , 0.0125786 , 0.0314465 , 0.0314465 , 0.0314465 , 0.125786 , 0.125786 , 0.251572 , 0.377358 , 
0.000491575 , 0.00122894 , 0.00491575 , 0.00491575 , 0.0098315 , 0.0098315 , 0.0147473 , 0.310762 , 0.643275 , 
0.00877732 , 0.0136488 , 0.0208344 , 0.0300537 , 0.0648737 , 0.0737492 , 0.0993915 , 0.132753 , 0.555919 , 
0.000705197 , 0.00282079 , 0.00282079 , 0.00564158 , 0.00846237 , 0.00846237 , 0.159146 , 0.261539 , 0.550401 , 
0.000875914 , 0.00350366 , 0.00350366 , 0.00700731 , 0.00700731 , 0.010511 , 0.175903 , 0.271575 , 0.520113 , 
0.000463383 , 0.00115846 , 0.00115846 , 0.00463383 , 0.00926766 , 0.00926766 , 0.0139015 , 0.305187 , 0.654963 , 
0.0485315 , 0.0594875 , 0.0686575 , 0.0777269 , 0.0891632 , 0.104235 , 0.123829 , 0.162625 , 0.265744 , 
0.00148 , 0.00148 , 0.00148 , 0.00369999 , 0.00369999 , 0.0148 , 0.0148 , 0.0443999 , 0.91416 , 
0.047619 , 0.047619 , 0.0952381 , 0.0952381 , 0.142857 , 0.142857 , 0.142857 , 0.142857 , 0.142857 , 
0.00148043 , 0.00370107 , 0.00370107 , 0.00370107 , 0.0148043 , 0.0148043 , 0.0296086 , 0.0444128 , 0.883786 , 
0.000310804 , 0.00077701 , 0.00310804 , 0.00310804 , 0.00621608 , 0.00932412 , 0.00932412 , 0.275129 , 0.692702 , 
0.0444444 , 0.0444444 , 0.0444444 , 0.0444444 , 0.0444444 , 0.111111 , 0.111111 , 0.111111 , 0.444444 , 
0.0444444 , 0.0444444 , 0.0444444 , 0.0444444 , 0.0444444 , 0.111111 , 0.111111 , 0.111111 , 0.444444 , 
0.00934579 , 0.00934579 , 0.0233645 , 0.0233645 , 0.0934579 , 0.0934579 , 0.186916 , 0.280374 , 0.280374 , 
0 , 0 , 0 , 0 , 0 , 0 , 0 , 0 , 0 , 
0.031746 , 0.031746 , 0.031746 , 0.031746 , 0.0793651 , 0.0793651 , 0.0793651 , 0.31746 , 0.31746 , 
0.00155668 , 0.00622674 , 0.00622674 , 0.00622674 , 0.0124535 , 0.0124535 , 0.0186802 , 0.320481 , 0.615695 , 
0.00145048 , 0.0036262 , 0.0036262 , 0.0145048 , 0.0145048 , 0.0290096 , 0.0290096 , 0.0435144 , 0.860754 , 
0.00114619 , 0.030141 , 0.0396133 , 0.0608328 , 0.0854494 , 0.112592 , 0.151724 , 0.206808 , 0.311693 , 
4.17065e-05 , 0.00198418 , 0.0045169 , 0.00737104 , 0.0103348 , 0.0225897 , 0.0507641 , 0.0875768 , 0.814821 , 
0.00172925 , 0.00432313 , 0.00432313 , 0.00432313 , 0.0172925 , 0.0172925 , 0.034585 , 0.0518775 , 0.864254 , 
0.0172653 , 0.0297423 , 0.0412348 , 0.0521936 , 0.068498 , 0.0914777 , 0.130599 , 0.19976 , 0.369229 , 
0.016129 , 0.016129 , 0.0645161 , 0.0645161 , 0.129032 , 0.129032 , 0.193548 , 0.193548 , 0.193548 , 
0.000219428 , 0.000877711 , 0.00175542 , 0.00175542 , 0.00263313 , 0.0456396 , 0.0809359 , 0.189929 , 0.676255 , 
0.00033861 , 0.000846524 , 0.0033861 , 0.0033861 , 0.00677219 , 0.0101583 , 0.161146 , 0.264874 , 0.549091 , 
0.00125901 , 0.00125901 , 0.00314752 , 0.00314752 , 0.00314752 , 0.0125901 , 0.0251801 , 0.0377702 , 0.912499 , 
0.000848185 , 0.000848185 , 0.00212046 , 0.00212046 , 0.00848185 , 0.0169637 , 0.0254456 , 0.0254456 , 0.917726 , 
0.00934579 , 0.00934579 , 0.0233645 , 0.0233645 , 0.0934579 , 0.0934579 , 0.186916 , 0.280374 , 0.280374 , 
0.00101312 , 0.00101312 , 0.0040525 , 0.0040525 , 0.008105 , 0.0121575 , 0.182401 , 0.269551 , 0.517654 , 
0.00137249 , 0.00137249 , 0.00137249 , 0.00343122 , 0.00343122 , 0.0137249 , 0.0274497 , 0.0411746 , 0.906671 , 
0 , 0 , 0 , 0 , 0 , 0 , 0 , 0 , 0 , 
0.00040851 , 0.00965517 , 0.0180977 , 0.0300272 , 0.0516785 , 0.0783754 , 0.132344 , 0.211553 , 0.467861 , 
0 , 0 , 0 , 0 , 0 , 0 , 0 , 0 , 0 , 
0.00584237 , 0.00783351 , 0.00928474 , 0.0125113 , 0.0149063 , 0.0280368 , 0.046373 , 0.0741372 , 0.801075 , 
0.000537091 , 0.00134273 , 0.00134273 , 0.00537091 , 0.0107418 , 0.0107418 , 0.0161127 , 0.285698 , 0.668112 , 
0.00170063 , 0.00170063 , 0.00170063 , 0.00425157 , 0.00425157 , 0.0170063 , 0.0170063 , 0.0340126 , 0.91837 , 
0.0125786 , 0.0125786 , 0.0314465 , 0.0314465 , 0.0314465 , 0.125786 , 0.125786 , 0.251572 , 0.377358 , 
0.0141844 , 0.0141844 , 0.0141844 , 0.035461 , 0.035461 , 0.035461 , 0.141844 , 0.283688 , 0.425532 , 
0.00943396 , 0.0235849 , 0.0235849 , 0.0943396 , 0.0943396 , 0.0943396 , 0.188679 , 0.188679 , 0.283019 , 
0.000551267 , 0.00110253 , 0.00110253 , 0.0016538 , 0.0313784 , 0.047995 , 0.0752135 , 0.148086 , 0.692917 , 
0.0138118 , 0.023784 , 0.036056 , 0.0539059 , 0.0740863 , 0.100698 , 0.139638 , 0.205415 , 0.352605 , 
0.0144928 , 0.0144928 , 0.0144928 , 0.0144928 , 0.0362319 , 0.0362319 , 0.144928 , 0.289855 , 0.434783 , 
0.0240964 , 0.0240964 , 0.0240964 , 0.0240964 , 0.060241 , 0.060241 , 0.060241 , 0.240964 , 0.481928 , 
0 , 0 , 0 , 0 , 0 , 0 , 0 , 0 , 0 , 
0.00224125 , 0.00224125 , 0.0044825 , 0.0044825 , 0.00672375 , 0.110362 , 0.159733 , 0.239788 , 0.469947 , 
0.000414562 , 0.000414562 , 0.0010364 , 0.00414562 , 0.00829124 , 0.0124369 , 0.0124369 , 0.261814 , 0.69901 , 
0.0169492 , 0.0169492 , 0.0169492 , 0.0169492 , 0.0423729 , 0.0423729 , 0.169492 , 0.169492 , 0.508475 , 
0.0199989 , 0.0331922 , 0.0459071 , 0.0619155 , 0.0833323 , 0.112067 , 0.139446 , 0.192796 , 0.311345 , 
0.0165289 , 0.0165289 , 0.0165289 , 0.0413223 , 0.0413223 , 0.0413223 , 0.165289 , 0.165289 , 0.495868 , 
0.00934579 , 0.00934579 , 0.0233645 , 0.0233645 , 0.0934579 , 0.0934579 , 0.186916 , 0.280374 , 0.280374 , 
0.0227273 , 0.0227273 , 0.0227273 , 0.0227273 , 0.0909091 , 0.0909091 , 0.181818 , 0.272727 , 0.272727 , 
0.00100321 , 0.00100321 , 0.00200643 , 0.00300964 , 0.00300964 , 0.0595135 , 0.0951071 , 0.208716 , 0.626631 , 
9.83975e-05 , 0.000147596 , 0.00399989 , 0.00745105 , 0.016105 , 0.0313869 , 0.081595 , 0.193339 , 0.665877 , 
0.000438893 , 0.00109723 , 0.00109723 , 0.00438893 , 0.0131668 , 0.0131668 , 0.0131668 , 0.256614 , 0.696863 , 
0.0165289 , 0.0165289 , 0.0165289 , 0.0413223 , 0.0413223 , 0.0413223 , 0.165289 , 0.165289 , 0.495868 , 
0.019802 , 0.019802 , 0.019802 , 0.049505 , 0.049505 , 0.049505 , 0.19802 , 0.19802 , 0.39604 , 
0.00103626 , 0.00259065 , 0.00259065 , 0.00259065 , 0.0103626 , 0.0103626 , 0.0207252 , 0.0310878 , 0.918654 , 
0.0240964 , 0.0240964 , 0.0240964 , 0.0240964 , 0.060241 , 0.060241 , 0.060241 , 0.240964 , 0.481928 , 
0.0128205 , 0.0128205 , 0.0128205 , 0.0320513 , 0.0320513 , 0.128205 , 0.128205 , 0.25641 , 0.384615 , 
0.030303 , 0.030303 , 0.030303 , 0.0757576 , 0.0757576 , 0.0757576 , 0.0757576 , 0.30303 , 0.30303 , 
0.025 , 0.025 , 0.025 , 0.025 , 0.025 , 0.0625 , 0.0625 , 0.25 , 0.5 , 
0.0416667 , 0.0416667 , 0.0416667 , 0.0416667 , 0.104167 , 0.104167 , 0.104167 , 0.104167 , 0.416667 , 
0.0142548 , 0.0187905 , 0.0269436 , 0.038725 , 0.0558135 , 0.0667792 , 0.124875 , 0.285308 , 0.36851 , 
0.00201254 , 0.00201254 , 0.00201254 , 0.00201254 , 0.00503136 , 0.0201254 , 0.0201254 , 0.0402509 , 0.906417 , 
0.00166336 , 0.00166336 , 0.0041584 , 0.0041584 , 0.0041584 , 0.0166336 , 0.0332672 , 0.0499008 , 0.884396 , 
