0.0028872 , 0.0028872 , 0.0334983 , 0.0393394 , 0.0450886 , 0.0542758 , 0.080167 , 0.122004 , 0.619853 , 
0.0028872 , 0.0028872 , 0.0334983 , 0.0393394 , 0.0450886 , 0.0542758 , 0.080167 , 0.122004 , 0.619853 , 
0.0028872 , 0.0028872 , 0.0334983 , 0.0393394 , 0.0450886 , 0.0542758 , 0.080167 , 0.122004 , 0.619853 , 
0.0028872 , 0.0028872 , 0.0334983 , 0.0393394 , 0.0450886 , 0.0542758 , 0.080167 , 0.122004 , 0.619853 , 
0.0028872 , 0.0028872 , 0.0334983 , 0.0393394 , 0.0450886 , 0.0542758 , 0.080167 , 0.122004 , 0.619853 , 
0.0028872 , 0.0028872 , 0.0334983 , 0.0393394 , 0.0450886 , 0.0542758 , 0.080167 , 0.122004 , 0.619853 , 
0.0028872 , 0.0028872 , 0.0334983 , 0.0393394 , 0.0450886 , 0.0542758 , 0.080167 , 0.122004 , 0.619853 , 
0.0028872 , 0.0028872 , 0.0334983 , 0.0393394 , 0.0450886 , 0.0542758 , 0.080167 , 0.122004 , 0.619853 , 
0.00345474 , 0.00690949 , 0.0103642 , 0.0103642 , 0.0103642 , 0.104262 , 0.147229 , 0.240505 , 0.466548 , 
0.0028872 , 0.0028872 , 0.0334983 , 0.0393394 , 0.0450886 , 0.0542758 , 0.080167 , 0.122004 , 0.619853 , 
0.0028872 , 0.0028872 , 0.0334983 , 0.0393394 , 0.0450886 , 0.0542758 , 0.080167 , 0.122004 , 0.619853 , 
0 , 0 , 0 , 0 , 0 , 0 , 0 , 0 , 0 , 
0.0113749 , 0.0180095 , 0.0260414 , 0.0335856 , 0.0572676 , 0.097185 , 0.118764 , 0.194319 , 0.443452 , 
0.000985863 , 0.00267393 , 0.00469575 , 0.0105809 , 0.0196566 , 0.0377584 , 0.0919857 , 0.195378 , 0.636285 , 
0.000122719 , 0.000122719 , 0.000122719 , 0.000122719 , 0.199902 , 0.199902 , 0.199902 , 0.199902 , 0.199902 , 
0.00754458 , 0.0110798 , 0.0116391 , 0.0255433 , 0.0384678 , 0.0456696 , 0.094366 , 0.273474 , 0.492216 , 
0.0118934 , 0.0201869 , 0.0243774 , 0.0272701 , 0.0410241 , 0.0589275 , 0.109352 , 0.211502 , 0.495467 , 
4.64225e-05 , 0.000574056 , 0.000712803 , 0.00142822 , 0.003953 , 0.00637085 , 0.0113345 , 0.0203516 , 0.955229 , 
6.14962e-05 , 6.14962e-05 , 6.14962e-05 , 0.00317256 , 0.00317256 , 0.00317256 , 0.330099 , 0.330099 , 0.330099 , 
0.0144808 , 0.0265101 , 0.0287683 , 0.0324893 , 0.0423894 , 0.0644285 , 0.0881615 , 0.144761 , 0.558011 , 
0.0202977 , 0.0259995 , 0.0322275 , 0.043968 , 0.057353 , 0.0845112 , 0.116544 , 0.185712 , 0.433387 , 
0.0034025 , 0.01361 , 0.01361 , 0.01361 , 0.02722 , 0.04083 , 0.04083 , 0.04083 , 0.806058 , 
0.0212766 , 0.0212766 , 0.0212766 , 0.0851064 , 0.0851064 , 0.0851064 , 0.170213 , 0.255319 , 0.255319 , 
0.0034025 , 0.01361 , 0.01361 , 0.01361 , 0.02722 , 0.04083 , 0.04083 , 0.04083 , 0.806058 , 
0.0034025 , 0.01361 , 0.01361 , 0.01361 , 0.02722 , 0.04083 , 0.04083 , 0.04083 , 0.806058 , 
0.0034025 , 0.01361 , 0.01361 , 0.01361 , 0.02722 , 0.04083 , 0.04083 , 0.04083 , 0.806058 , 
0 , 0 , 0 , 0 , 0 , 0 , 0 , 0 , 0 , 
0.00590196 , 0.0103729 , 0.0117756 , 0.0135766 , 0.0294743 , 0.0669167 , 0.114615 , 0.27479 , 0.472577 , 
0.00156415 , 0.0079891 , 0.0117449 , 0.0189033 , 0.0307332 , 0.0497725 , 0.100664 , 0.214224 , 0.564404 , 
0.000229568 , 0.000369009 , 0.000370883 , 0.000481812 , 0.000658774 , 0.000860733 , 0.00245453 , 0.0541123 , 0.940462 , 
0.0012344 , 0.00185161 , 0.00185161 , 0.0213595 , 0.0321181 , 0.0587004 , 0.0940771 , 0.199789 , 0.589019 , 
0.0125786 , 0.0125786 , 0.0314465 , 0.0314465 , 0.0314465 , 0.125786 , 0.125786 , 0.251572 , 0.377358 , 
0.000661502 , 0.00227056 , 0.00447378 , 0.00599934 , 0.00643548 , 0.00643548 , 0.0342924 , 0.0711838 , 0.868248 , 
0.0026851 , 0.0026851 , 0.0026851 , 0.0456372 , 0.0582622 , 0.0811133 , 0.127696 , 0.222494 , 0.456742 , 
0.00427873 , 0.00427873 , 0.00427873 , 0.0171149 , 0.0171149 , 0.0342299 , 0.0342299 , 0.0513448 , 0.833129 , 
0.00152584 , 0.00152584 , 0.00610336 , 0.00610336 , 0.0122067 , 0.0183101 , 0.0183101 , 0.0183101 , 0.917605 , 
0.0014285 , 0.0014285 , 0.0014285 , 0.005714 , 0.011428 , 0.011428 , 0.017142 , 0.290775 , 0.659228 , 
0.0166108 , 0.0185754 , 0.0205583 , 0.0450598 , 0.0559399 , 0.0688557 , 0.0844676 , 0.144305 , 0.545627 , 
0.00321621 , 0.00482432 , 0.00482432 , 0.00482432 , 0.0540308 , 0.0766682 , 0.123427 , 0.227786 , 0.500399 , 
0.0126778 , 0.0170859 , 0.0265016 , 0.0432701 , 0.0569847 , 0.0734519 , 0.0864616 , 0.226334 , 0.457232 , 
0.000917875 , 0.000917875 , 0.0036715 , 0.0036715 , 0.007343 , 0.0110145 , 0.131279 , 0.243304 , 0.597881 , 
0 , 0 , 0 , 0 , 0 , 0 , 0 , 0 , 0 , 
0.0037811 , 0.0075622 , 0.0113433 , 0.0113433 , 0.0113433 , 0.0113433 , 0.0113433 , 0.0113433 , 0.920597 , 
0.0181818 , 0.0181818 , 0.0181818 , 0.0727273 , 0.0727273 , 0.145455 , 0.218182 , 0.218182 , 0.218182 , 
0.00273286 , 0.0109315 , 0.0109315 , 0.0109315 , 0.0218629 , 0.0218629 , 0.0327944 , 0.0327944 , 0.855158 , 
0.0127221 , 0.0210783 , 0.024994 , 0.0276021 , 0.0417703 , 0.0667421 , 0.107109 , 0.204684 , 0.493298 , 
0.00751866 , 0.0168426 , 0.0245971 , 0.0322651 , 0.0437146 , 0.0751762 , 0.123654 , 0.237789 , 0.438443 , 
0.000209931 , 0.000839726 , 0.00167945 , 0.00251918 , 0.0358867 , 0.0562955 , 0.0995092 , 0.212537 , 0.590523 , 
0.0185185 , 0.0185185 , 0.0740741 , 0.0740741 , 0.0740741 , 0.148148 , 0.148148 , 0.222222 , 0.222222 , 
0.0143885 , 0.0143885 , 0.0359712 , 0.0359712 , 0.0359712 , 0.143885 , 0.143885 , 0.28777 , 0.28777 , 
9.17138e-06 , 9.17138e-06 , 0.000218738 , 0.000218738 , 0.0167178 , 0.0167178 , 0.0167178 , 0.474695 , 0.474695 , 
0 , 0 , 0 , 0 , 0 , 0 , 0 , 0 , 0 , 
0.00131085 , 0.00524339 , 0.00524339 , 0.0104868 , 0.0104868 , 0.0157302 , 0.0157302 , 0.327899 , 0.607869 , 
0.000914319 , 0.0022858 , 0.0022858 , 0.00914319 , 0.00914319 , 0.0182864 , 0.0274296 , 0.0274296 , 0.903082 , 
0.00301342 , 0.00505674 , 0.00838591 , 0.0152175 , 0.0230838 , 0.0336682 , 0.0951177 , 0.227982 , 0.588475 , 
0.00921659 , 0.0230415 , 0.0230415 , 0.0230415 , 0.0921659 , 0.0921659 , 0.184332 , 0.276498 , 0.276498 , 
0.00101661 , 0.00152491 , 0.0197487 , 0.0285362 , 0.0412439 , 0.0691635 , 0.114437 , 0.208106 , 0.516223 , 
0.0125786 , 0.0125786 , 0.0314465 , 0.0314465 , 0.0314465 , 0.125786 , 0.125786 , 0.251572 , 0.377358 , 
0.00151057 , 0.00377642 , 0.00377642 , 0.00377642 , 0.0151057 , 0.0151057 , 0.0302113 , 0.045317 , 0.881421 , 
0.00170417 , 0.00681667 , 0.00681667 , 0.0136333 , 0.02045 , 0.02045 , 0.02045 , 0.317902 , 0.591778 , 
0.0124547 , 0.0141361 , 0.0156091 , 0.0192634 , 0.0265574 , 0.0292732 , 0.0964143 , 0.217898 , 0.568394 , 
0.00145519 , 0.00145519 , 0.00145519 , 0.00582075 , 0.0116415 , 0.0116415 , 0.0174622 , 0.288788 , 0.660281 , 
0.00179838 , 0.00179838 , 0.00719351 , 0.00719351 , 0.00719351 , 0.014387 , 0.0215805 , 0.0215805 , 0.917275 , 
0.000411467 , 0.00164587 , 0.00329174 , 0.00329174 , 0.0049376 , 0.0716535 , 0.115144 , 0.211254 , 0.588369 , 
0.0123457 , 0.0308642 , 0.0308642 , 0.0308642 , 0.0308642 , 0.123457 , 0.123457 , 0.246914 , 0.37037 , 
0.031746 , 0.031746 , 0.031746 , 0.031746 , 0.0793651 , 0.0793651 , 0.0793651 , 0.31746 , 0.31746 , 
0.00163051 , 0.00407627 , 0.00407627 , 0.0163051 , 0.0163051 , 0.0163051 , 0.0326102 , 0.0489153 , 0.859776 , 
0.00021781 , 0.000233497 , 0.00039413 , 0.00045919 , 0.000685823 , 0.00138471 , 0.00454755 , 0.0525998 , 0.939478 , 
0.0140845 , 0.0352113 , 0.0352113 , 0.0352113 , 0.0352113 , 0.140845 , 0.140845 , 0.28169 , 0.28169 , 
0.00289042 , 0.00484566 , 0.00860118 , 0.0197689 , 0.0326908 , 0.0558275 , 0.118844 , 0.238863 , 0.517669 , 
0.00526664 , 0.0109131 , 0.0160998 , 0.0197828 , 0.027698 , 0.0459713 , 0.073339 , 0.278623 , 0.522307 , 
0.00921659 , 0.0230415 , 0.0230415 , 0.0230415 , 0.0921659 , 0.0921659 , 0.184332 , 0.276498 , 0.276498 , 
0.0227273 , 0.0227273 , 0.0227273 , 0.0227273 , 0.0909091 , 0.0909091 , 0.181818 , 0.272727 , 0.272727 , 
0.019802 , 0.019802 , 0.019802 , 0.049505 , 0.049505 , 0.049505 , 0.19802 , 0.19802 , 0.39604 , 
0.00121513 , 0.00121513 , 0.00486051 , 0.00486051 , 0.00972101 , 0.0145815 , 0.0145815 , 0.278714 , 0.670251 , 
0.00164491 , 0.00164491 , 0.00657964 , 0.00657964 , 0.0131593 , 0.0197389 , 0.0197389 , 0.306677 , 0.624236 , 
3.82254e-05 , 0.000159364 , 0.000159364 , 0.000675057 , 0.0186972 , 0.0186972 , 0.210466 , 0.210466 , 0.540641 , 
0.00076784 , 0.00307136 , 0.00307136 , 0.00614272 , 0.00921407 , 0.00921407 , 0.139288 , 0.246923 , 0.582308 , 
0 , 0 , 0 , 0 , 0 , 0 , 0 , 0 , 0 , 
0.0011365 , 0.0011365 , 0.004546 , 0.004546 , 0.009092 , 0.013638 , 0.013638 , 0.28188 , 0.670387 , 
3.07798e-05 , 0.000987506 , 0.00490049 , 0.00575437 , 0.0175111 , 0.0361381 , 0.0468877 , 0.0882235 , 0.799566 , 
0.0232558 , 0.0232558 , 0.0232558 , 0.0581395 , 0.0581395 , 0.0581395 , 0.0581395 , 0.232558 , 0.465116 , 
0 , 0 , 0 , 0 , 0 , 0 , 0 , 0 , 0 , 
0.000161522 , 0.000210409 , 0.000239135 , 0.000311019 , 0.000546017 , 0.00179326 , 0.00655222 , 0.123894 , 0.866292 , 
0.00921659 , 0.0230415 , 0.0230415 , 0.0230415 , 0.0921659 , 0.0921659 , 0.184332 , 0.276498 , 0.276498 , 
0.00298247 , 0.0044737 , 0.0044737 , 0.0393581 , 0.058081 , 0.0832677 , 0.12115 , 0.214799 , 0.471414 , 
0.00379369 , 0.00379369 , 0.0151748 , 0.0151748 , 0.0303495 , 0.0303495 , 0.0455243 , 0.0455243 , 0.810315 , 
0.0022762 , 0.00501934 , 0.00901379 , 0.0208165 , 0.0329179 , 0.0570945 , 0.100295 , 0.228195 , 0.544371 , 
0.000432205 , 0.00046271 , 0.000823038 , 0.000862031 , 0.00234569 , 0.00331162 , 0.00425104 , 0.06634 , 0.921172 , 
0.0434783 , 0.0869565 , 0.0869565 , 0.130435 , 0.130435 , 0.130435 , 0.130435 , 0.130435 , 0.130435 , 
0.0125786 , 0.0125786 , 0.0314465 , 0.0314465 , 0.0314465 , 0.125786 , 0.125786 , 0.251572 , 0.377358 , 
0.00182986 , 0.00274479 , 0.00274479 , 0.0369683 , 0.0511061 , 0.072121 , 0.121041 , 0.209703 , 0.501741 , 
0.0454545 , 0.0909091 , 0.0909091 , 0.0909091 , 0.136364 , 0.136364 , 0.136364 , 0.136364 , 0.136364 , 
0.00110079 , 0.00330236 , 0.00330236 , 0.0344606 , 0.0506062 , 0.0713173 , 0.125558 , 0.216074 , 0.494278 , 
0.00198729 , 0.00374967 , 0.0054126 , 0.00810343 , 0.0136382 , 0.0186149 , 0.0237252 , 0.0539323 , 0.870836 , 
0.00447752 , 0.00447752 , 0.00447752 , 0.0110861 , 0.0110861 , 0.0110861 , 0.31777 , 0.31777 , 0.31777 , 
0.0357143 , 0.0357143 , 0.0357143 , 0.0357143 , 0.142857 , 0.142857 , 0.142857 , 0.142857 , 0.285714 , 
0.0123457 , 0.0493827 , 0.0987654 , 0.0987654 , 0.148148 , 0.148148 , 0.148148 , 0.148148 , 0.148148 , 
0.000327638 , 0.00735164 , 0.0148937 , 0.0223307 , 0.0361098 , 0.0583508 , 0.0996525 , 0.213628 , 0.547355 , 
0.025641 , 0.025641 , 0.025641 , 0.102564 , 0.102564 , 0.102564 , 0.102564 , 0.205128 , 0.307692 , 
0.0833333 , 0.0833333 , 0.0833333 , 0.0833333 , 0.0833333 , 0.0833333 , 0.0833333 , 0.208333 , 0.208333 , 
0.00103183 , 0.00412731 , 0.00825462 , 0.00825462 , 0.0123819 , 0.0123819 , 0.0123819 , 0.0123819 , 0.928804 , 
0.00230923 , 0.00230923 , 0.0224765 , 0.0403415 , 0.0559442 , 0.0681957 , 0.0960552 , 0.20709 , 0.505278 , 
0.00274583 , 0.00274583 , 0.0109833 , 0.0109833 , 0.0109833 , 0.0219667 , 0.03295 , 0.03295 , 0.873692 , 
0.000201343 , 0.000991774 , 0.00116942 , 0.00132435 , 0.00272467 , 0.00447563 , 0.00493828 , 0.00963143 , 0.974543 , 
0.00132878 , 0.00132878 , 0.0207976 , 0.0287862 , 0.0436755 , 0.066049 , 0.112276 , 0.210735 , 0.515022 , 
0.0021363 , 0.00854522 , 0.00854522 , 0.00854522 , 0.0170904 , 0.0170904 , 0.0256357 , 0.317293 , 0.595118 , 
0.00111198 , 0.00370064 , 0.00688952 , 0.0144825 , 0.0291497 , 0.0537631 , 0.0874411 , 0.226202 , 0.577259 , 
0.0172414 , 0.0172414 , 0.0689655 , 0.0689655 , 0.0689655 , 0.137931 , 0.206897 , 0.206897 , 0.206897 , 
0.0153846 , 0.0615385 , 0.0615385 , 0.0615385 , 0.123077 , 0.123077 , 0.184615 , 0.184615 , 0.184615 , 
0.00189641 , 0.00758565 , 0.00758565 , 0.0151713 , 0.0151713 , 0.022757 , 0.022757 , 0.315221 , 0.591855 , 
0.111111 , 0.111111 , 0.111111 , 0.111111 , 0.111111 , 0.111111 , 0.111111 , 0.111111 , 0.111111 , 
0.00355746 , 0.00355746 , 0.00711493 , 0.0106724 , 0.0106724 , 0.0967219 , 0.12618 , 0.263044 , 0.478479 , 
0.00131969 , 0.00197954 , 0.00197954 , 0.00197954 , 0.0420731 , 0.0688618 , 0.105215 , 0.210775 , 0.565816 , 
0.00269648 , 0.00269648 , 0.00404471 , 0.00404471 , 0.00404471 , 0.0738749 , 0.12026 , 0.243632 , 0.544706 , 
0.0240964 , 0.0240964 , 0.0240964 , 0.0240964 , 0.060241 , 0.060241 , 0.060241 , 0.240964 , 0.481928 , 
0.00118699 , 0.00296749 , 0.00296749 , 0.00296749 , 0.0118699 , 0.0237399 , 0.0237399 , 0.0356098 , 0.894951 , 
4.46007e-05 , 0.000272203 , 0.000272203 , 0.000597037 , 0.00743125 , 0.00743125 , 0.161219 , 0.161219 , 0.661514 , 
0.0740741 , 0.0740741 , 0.0740741 , 0.0740741 , 0.0740741 , 0.0740741 , 0.185185 , 0.185185 , 0.185185 , 
0.0018046 , 0.0018046 , 0.00541381 , 0.00541381 , 0.00541381 , 0.0747811 , 0.119314 , 0.212104 , 0.57395 , 
0 , 0 , 0 , 0 , 0 , 0 , 0 , 0 , 0 , 
0.0137091 , 0.0148545 , 0.0185607 , 0.0247337 , 0.0345649 , 0.0486964 , 0.128713 , 0.156595 , 0.559573 , 
0.000276154 , 0.000414232 , 0.00697125 , 0.011791 , 0.0219343 , 0.0390788 , 0.0791485 , 0.179794 , 0.660592 , 
0.0555556 , 0.0555556 , 0.0555556 , 0.111111 , 0.111111 , 0.111111 , 0.166667 , 0.166667 , 0.166667 , 
0.00102417 , 0.0112126 , 0.0168231 , 0.0230701 , 0.0422094 , 0.0636979 , 0.104168 , 0.227114 , 0.51068 , 
0.000924354 , 0.000924354 , 0.00369742 , 0.00369742 , 0.00739483 , 0.0110923 , 0.0110923 , 0.276165 , 0.685012 , 
0.0010201 , 0.0010201 , 0.00255025 , 0.00255025 , 0.010201 , 0.010201 , 0.020402 , 0.030603 , 0.921452 , 
0.0444444 , 0.0444444 , 0.0444444 , 0.0444444 , 0.0444444 , 0.111111 , 0.111111 , 0.111111 , 0.444444 , 
0.00256455 , 0.00502137 , 0.00861636 , 0.0165063 , 0.0269297 , 0.0496794 , 0.0886589 , 0.196283 , 0.605741 , 
0 , 0 , 0 , 0 , 0 , 0 , 0 , 0 , 0 , 
0.031746 , 0.031746 , 0.031746 , 0.031746 , 0.0793651 , 0.0793651 , 0.0793651 , 0.31746 , 0.31746 , 
0.0444444 , 0.0444444 , 0.0444444 , 0.0444444 , 0.0444444 , 0.111111 , 0.111111 , 0.111111 , 0.444444 , 
0.00157736 , 0.00394339 , 0.00394339 , 0.00394339 , 0.0157736 , 0.0157736 , 0.0315471 , 0.0473207 , 0.876177 , 
0.000102599 , 0.000119569 , 0.000146456 , 0.000369502 , 0.000930198 , 0.00349374 , 0.056383 , 0.160699 , 0.777756 , 
0.00204253 , 0.00277845 , 0.00460817 , 0.00719195 , 0.0106814 , 0.0124789 , 0.041083 , 0.0571936 , 0.861942 , 
0.0015714 , 0.0015714 , 0.0039285 , 0.0039285 , 0.0039285 , 0.015714 , 0.015714 , 0.047142 , 0.906502 , 
0.0240964 , 0.0240964 , 0.0240964 , 0.0240964 , 0.060241 , 0.060241 , 0.060241 , 0.240964 , 0.481928 , 
0.025 , 0.025 , 0.025 , 0.025 , 0.025 , 0.0625 , 0.0625 , 0.25 , 0.5 , 
0.0204082 , 0.0204082 , 0.0204082 , 0.0204082 , 0.0510204 , 0.0510204 , 0.204082 , 0.204082 , 0.408163 , 
0.0125786 , 0.0125786 , 0.0314465 , 0.0314465 , 0.0314465 , 0.125786 , 0.125786 , 0.251572 , 0.377358 , 
0.0444444 , 0.0444444 , 0.0444444 , 0.0444444 , 0.0444444 , 0.111111 , 0.111111 , 0.111111 , 0.444444 , 
0.0240964 , 0.0240964 , 0.0240964 , 0.0240964 , 0.060241 , 0.060241 , 0.060241 , 0.240964 , 0.481928 , 
0.0444444 , 0.0444444 , 0.0444444 , 0.0444444 , 0.0444444 , 0.111111 , 0.111111 , 0.111111 , 0.444444 , 
0.00176766 , 0.00176766 , 0.00441916 , 0.00441916 , 0.00441916 , 0.0176766 , 0.0353533 , 0.0530299 , 0.877147 , 
0.000355994 , 0.000889985 , 0.000889985 , 0.00711988 , 0.00711988 , 0.0106798 , 0.0106798 , 0.272155 , 0.690109 , 
0.00157988 , 0.00157988 , 0.0039497 , 0.0039497 , 0.0039497 , 0.0157988 , 0.0315976 , 0.0473963 , 0.890198 , 
0.0740741 , 0.0740741 , 0.0740741 , 0.0740741 , 0.0740741 , 0.0740741 , 0.185185 , 0.185185 , 0.185185 , 
0.0833333 , 0.0833333 , 0.0833333 , 0.0833333 , 0.0833333 , 0.0833333 , 0.0833333 , 0.208333 , 0.208333 , 
0.0135881 , 0.0176472 , 0.0239508 , 0.0305644 , 0.0450834 , 0.069311 , 0.107679 , 0.193196 , 0.49898 , 
0.00112731 , 0.00112731 , 0.0127203 , 0.0196353 , 0.0388258 , 0.059401 , 0.0950863 , 0.224787 , 0.547289 , 
0.00934579 , 0.00934579 , 0.0233645 , 0.0233645 , 0.0934579 , 0.0934579 , 0.186916 , 0.280374 , 0.280374 , 
0.0444444 , 0.0444444 , 0.0444444 , 0.0444444 , 0.0444444 , 0.111111 , 0.111111 , 0.111111 , 0.444444 , 
0 , 0 , 0 , 0 , 0 , 0 , 0 , 0 , 0 , 
0.00492781 , 0.00860763 , 0.0137786 , 0.0210854 , 0.0360919 , 0.0543216 , 0.094748 , 0.213642 , 0.552797 , 
0.047619 , 0.047619 , 0.047619 , 0.047619 , 0.047619 , 0.047619 , 0.119048 , 0.119048 , 0.47619 , 
0.111111 , 0.111111 , 0.111111 , 0.111111 , 0.111111 , 0.111111 , 0.111111 , 0.111111 , 0.111111 , 
0.000903059 , 0.00361224 , 0.00722447 , 0.00722447 , 0.0108367 , 0.0108367 , 0.0108367 , 0.285676 , 0.66285 , 
0 , 0 , 0 , 0 , 0 , 0 , 0 , 0 , 0 , 
0.0007415 , 0.00185375 , 0.00185375 , 0.007415 , 0.007415 , 0.01483 , 0.01483 , 0.316695 , 0.634366 , 
0.0232558 , 0.0232558 , 0.0232558 , 0.0930233 , 0.0930233 , 0.0930233 , 0.186047 , 0.186047 , 0.27907 , 
0.0169492 , 0.0169492 , 0.0169492 , 0.0169492 , 0.0423729 , 0.0423729 , 0.169492 , 0.169492 , 0.508475 , 
0 , 0 , 0 , 0 , 0 , 0 , 0 , 0 , 0 , 
0.0148739 , 0.0196858 , 0.0258915 , 0.036296 , 0.0538152 , 0.0780629 , 0.114504 , 0.188124 , 0.468747 , 
0.025641 , 0.025641 , 0.025641 , 0.102564 , 0.102564 , 0.102564 , 0.102564 , 0.205128 , 0.307692 , 
0.0833333 , 0.0833333 , 0.0833333 , 0.0833333 , 0.0833333 , 0.0833333 , 0.0833333 , 0.208333 , 0.208333 , 
0.00138886 , 0.00138886 , 0.00347216 , 0.00347216 , 0.0138886 , 0.0138886 , 0.0277772 , 0.0416659 , 0.893058 , 
0.0128205 , 0.0128205 , 0.0128205 , 0.0320513 , 0.0320513 , 0.128205 , 0.128205 , 0.25641 , 0.384615 , 
0.0144928 , 0.057971 , 0.057971 , 0.115942 , 0.115942 , 0.115942 , 0.173913 , 0.173913 , 0.173913 , 
0 , 0 , 0 , 0 , 0 , 0 , 0 , 0 , 0 , 
0.000215429 , 0.000215429 , 0.000323144 , 0.0149941 , 0.0287381 , 0.0447939 , 0.0813414 , 0.214677 , 0.614701 , 
0.00651385 , 0.0105534 , 0.0151086 , 0.024594 , 0.0349427 , 0.0522683 , 0.0932597 , 0.177211 , 0.585548 , 
0.0416667 , 0.0833333 , 0.125 , 0.125 , 0.125 , 0.125 , 0.125 , 0.125 , 0.125 , 
0.0153846 , 0.0615385 , 0.0615385 , 0.0615385 , 0.123077 , 0.123077 , 0.184615 , 0.184615 , 0.184615 , 
2.09484e-05 , 2.09484e-05 , 2.09484e-05 , 0.000808999 , 0.000808999 , 0.000808999 , 0.332503 , 0.332503 , 0.332503 , 
0.000652619 , 0.00261047 , 0.00522095 , 0.00522095 , 0.00783142 , 0.0772443 , 0.129404 , 0.236205 , 0.53561 , 
0.00121809 , 0.00121809 , 0.00243618 , 0.00365427 , 0.00365427 , 0.00365427 , 0.115859 , 0.230817 , 0.637489 , 
0.0357143 , 0.0357143 , 0.0357143 , 0.0357143 , 0.142857 , 0.142857 , 0.142857 , 0.142857 , 0.285714 , 
0.0010552 , 0.002638 , 0.002638 , 0.010552 , 0.010552 , 0.021104 , 0.031656 , 0.031656 , 0.888149 , 
0.0416667 , 0.0416667 , 0.0416667 , 0.0416667 , 0.104167 , 0.104167 , 0.104167 , 0.104167 , 0.416667 , 
0.0444444 , 0.0444444 , 0.0444444 , 0.0444444 , 0.0444444 , 0.111111 , 0.111111 , 0.111111 , 0.444444 , 
0.031746 , 0.031746 , 0.031746 , 0.031746 , 0.0793651 , 0.0793651 , 0.0793651 , 0.31746 , 0.31746 , 
0.111111 , 0.111111 , 0.111111 , 0.111111 , 0.111111 , 0.111111 , 0.111111 , 0.111111 , 0.111111 , 
0.00109512 , 0.0016389 , 0.00268422 , 0.00462494 , 0.00509464 , 0.00534308 , 0.0166698 , 0.0475066 , 0.915343 , 
0.111111 , 0.111111 , 0.111111 , 0.111111 , 0.111111 , 0.111111 , 0.111111 , 0.111111 , 0.111111 , 
0.00085688 , 0.0021422 , 0.0021422 , 0.0085688 , 0.0085688 , 0.0171376 , 0.0257064 , 0.0257064 , 0.909171 , 
0.00057396 , 0.00057396 , 0.00057396 , 0.00057396 , 0.199541 , 0.199541 , 0.199541 , 0.199541 , 0.199541 , 
0.00211128 , 0.00316692 , 0.00316692 , 0.0279048 , 0.0426357 , 0.0641475 , 0.12906 , 0.227937 , 0.49987 , 
0.04 , 0.04 , 0.04 , 0.04 , 0.04 , 0.16 , 0.16 , 0.16 , 0.32 , 
0.00781427 , 0.0132083 , 0.0217708 , 0.0305274 , 0.0455048 , 0.0708649 , 0.133079 , 0.233343 , 0.443887 , 
0.000407491 , 0.000426744 , 0.000926258 , 0.000932646 , 0.00288655 , 0.00429289 , 0.00498738 , 0.0469949 , 0.938145 , 
0.025641 , 0.025641 , 0.025641 , 0.102564 , 0.102564 , 0.102564 , 0.102564 , 0.205128 , 0.307692 , 
0.00318687 , 0.00768179 , 0.0173973 , 0.0279385 , 0.0407855 , 0.0582001 , 0.139795 , 0.216991 , 0.488024 , 
0.00417874 , 0.00533321 , 0.00710232 , 0.0110547 , 0.0168525 , 0.0185368 , 0.051814 , 0.0699889 , 0.815139 , 
0.0416667 , 0.0833333 , 0.125 , 0.125 , 0.125 , 0.125 , 0.125 , 0.125 , 0.125 , 
0.00118318 , 0.00236636 , 0.00354954 , 0.00354954 , 0.0465597 , 0.068848 , 0.117203 , 0.210448 , 0.546292 , 
0.00120461 , 0.00120461 , 0.00481845 , 0.0096369 , 0.0096369 , 0.0144554 , 0.0144554 , 0.28849 , 0.656098 , 
0.00373317 , 0.00373317 , 0.0149327 , 0.0149327 , 0.0149327 , 0.0298653 , 0.044798 , 0.044798 , 0.828274 , 
0.004235 , 0.00639314 , 0.0132699 , 0.0202102 , 0.0334593 , 0.0557395 , 0.105916 , 0.190892 , 0.569885 , 
0.000351552 , 0.0060234 , 0.0155817 , 0.0195576 , 0.036253 , 0.0612379 , 0.0889093 , 0.225715 , 0.546371 , 
0.0116624 , 0.015118 , 0.0205101 , 0.033848 , 0.0532654 , 0.0697677 , 0.107304 , 0.170438 , 0.518087 , 
0.00124866 , 0.00312165 , 0.00312165 , 0.0124866 , 0.0124866 , 0.0249732 , 0.0374598 , 0.0374598 , 0.867642 , 
0.0227273 , 0.0227273 , 0.0227273 , 0.0227273 , 0.0909091 , 0.0909091 , 0.181818 , 0.272727 , 0.272727 , 
0.00120455 , 0.00256714 , 0.00538655 , 0.0109688 , 0.0145184 , 0.0202588 , 0.0672086 , 0.109002 , 0.768885 , 
0.0123457 , 0.0308642 , 0.0308642 , 0.0308642 , 0.0308642 , 0.123457 , 0.123457 , 0.246914 , 0.37037 , 
0.00345644 , 0.00518466 , 0.00518466 , 0.00518466 , 0.00518466 , 0.103195 , 0.146137 , 0.221657 , 0.504816 , 
6.55004e-05 , 6.55004e-05 , 6.55004e-05 , 0.00273174 , 0.00273174 , 0.00273174 , 0.330536 , 0.330536 , 0.330536 , 
0.00147027 , 0.00220541 , 0.00220541 , 0.0255697 , 0.0420179 , 0.0607941 , 0.111814 , 0.210313 , 0.54361 , 
0.00934579 , 0.00934579 , 0.0233645 , 0.0233645 , 0.0934579 , 0.0934579 , 0.186916 , 0.280374 , 0.280374 , 
0.000967149 , 0.00241787 , 0.00241787 , 0.00241787 , 0.00967149 , 0.019343 , 0.0290145 , 0.0290145 , 0.904736 , 
0.019802 , 0.019802 , 0.019802 , 0.049505 , 0.049505 , 0.049505 , 0.19802 , 0.19802 , 0.39604 , 
0 , 0 , 0 , 0 , 0 , 0 , 0 , 0 , 0 , 
0.000337904 , 0.000337904 , 0.000337904 , 0.016604 , 0.0262559 , 0.0464796 , 0.0863389 , 0.20777 , 0.615538 , 
0.00070264 , 0.00070264 , 0.00140528 , 0.00210792 , 0.0342345 , 0.0555426 , 0.0926444 , 0.200999 , 0.611661 , 
0.00340508 , 0.00340508 , 0.00340508 , 0.0136203 , 0.0136203 , 0.0272406 , 0.0272406 , 0.0408609 , 0.867202 , 
0.0099284 , 0.0183317 , 0.0240094 , 0.0286116 , 0.044245 , 0.0855466 , 0.122856 , 0.231423 , 0.435048 , 
0.000235975 , 0.000943899 , 0.0018878 , 0.0028317 , 0.0028317 , 0.0546174 , 0.0901492 , 0.196773 , 0.649729 , 
0.0128205 , 0.0128205 , 0.0128205 , 0.0320513 , 0.0320513 , 0.128205 , 0.128205 , 0.25641 , 0.384615 , 
0.016129 , 0.016129 , 0.0403226 , 0.0403226 , 0.0403226 , 0.0403226 , 0.16129 , 0.322581 , 0.322581 , 
0.00262213 , 0.0104885 , 0.0104885 , 0.0209771 , 0.0209771 , 0.0314656 , 0.0314656 , 0.0314656 , 0.84005 , 
0.000625158 , 0.00250063 , 0.00500126 , 0.00500126 , 0.00750189 , 0.0831271 , 0.128432 , 0.225003 , 0.542808 , 
0.00544258 , 0.00544258 , 0.00544258 , 0.00544258 , 0.0217703 , 0.0217703 , 0.0435407 , 0.065311 , 0.825837 , 
0.0232558 , 0.0232558 , 0.0232558 , 0.0930233 , 0.0930233 , 0.0930233 , 0.186047 , 0.186047 , 0.27907 , 
0.000635977 , 0.000747016 , 0.00113064 , 0.00141509 , 0.00161752 , 0.00161752 , 0.00419067 , 0.0186559 , 0.96999 , 
0.000332208 , 0.000653571 , 0.00130646 , 0.00167215 , 0.00225675 , 0.00543961 , 0.00920083 , 0.0326572 , 0.946481 , 
0.0232558 , 0.0232558 , 0.0232558 , 0.0930233 , 0.0930233 , 0.0930233 , 0.186047 , 0.186047 , 0.27907 , 
0.0444444 , 0.0444444 , 0.0444444 , 0.0444444 , 0.0444444 , 0.111111 , 0.111111 , 0.111111 , 0.444444 , 
0.0181818 , 0.0181818 , 0.0181818 , 0.0727273 , 0.0727273 , 0.145455 , 0.218182 , 0.218182 , 0.218182 , 
0.031746 , 0.031746 , 0.031746 , 0.031746 , 0.0793651 , 0.0793651 , 0.0793651 , 0.31746 , 0.31746 , 
0.0392157 , 0.0392157 , 0.0392157 , 0.0980392 , 0.0980392 , 0.0980392 , 0.0980392 , 0.0980392 , 0.392157 , 
0.000564878 , 0.00225951 , 0.00451902 , 0.00451902 , 0.00677853 , 0.00677853 , 0.143569 , 0.250347 , 0.580664 , 
0.0833333 , 0.0833333 , 0.0833333 , 0.0833333 , 0.0833333 , 0.0833333 , 0.0833333 , 0.208333 , 0.208333 , 
0.0232558 , 0.0232558 , 0.0232558 , 0.0930233 , 0.0930233 , 0.0930233 , 0.186047 , 0.186047 , 0.27907 , 
0.0388134 , 0.0449544 , 0.0532288 , 0.0633971 , 0.0753162 , 0.0933444 , 0.133405 , 0.188014 , 0.309527 , 
0.00416786 , 0.00416786 , 0.00416786 , 0.0166715 , 0.0166715 , 0.0333429 , 0.0333429 , 0.0500144 , 0.837453 , 
0.0232558 , 0.0232558 , 0.0232558 , 0.0930233 , 0.0930233 , 0.0930233 , 0.186047 , 0.186047 , 0.27907 , 
0.00220311 , 0.00220311 , 0.00220311 , 0.00881246 , 0.00881246 , 0.0176249 , 0.0264374 , 0.0264374 , 0.905266 , 
0 , 0 , 0 , 0 , 0 , 0 , 0 , 0 , 0 , 
0.111111 , 0.111111 , 0.111111 , 0.111111 , 0.111111 , 0.111111 , 0.111111 , 0.111111 , 0.111111 , 
0.0141844 , 0.0141844 , 0.0141844 , 0.035461 , 0.035461 , 0.035461 , 0.141844 , 0.283688 , 0.425532 , 
0.000873287 , 0.000873287 , 0.00349315 , 0.0069863 , 0.0069863 , 0.0104794 , 0.0104794 , 0.274637 , 0.685192 , 
0.000136999 , 0.000231355 , 0.000664736 , 0.000664736 , 0.00151583 , 0.0166188 , 0.0166188 , 0.279386 , 0.684163 , 
0.000494731 , 0.000494731 , 0.000494731 , 0.00148682 , 0.00148682 , 0.00148682 , 0.331352 , 0.331352 , 0.331352 , 
0.00229958 , 0.00459917 , 0.00689875 , 0.00689875 , 0.00689875 , 0.00689875 , 0.155343 , 0.261445 , 0.548718 , 
0.00187797 , 0.00187797 , 0.00187797 , 0.0410753 , 0.0520787 , 0.0809197 , 0.101617 , 0.145961 , 0.572714 , 
0.0172414 , 0.0172414 , 0.0689655 , 0.0689655 , 0.0689655 , 0.137931 , 0.206897 , 0.206897 , 0.206897 , 
2.25411e-05 , 2.25411e-05 , 2.25411e-05 , 0.00185463 , 0.00185463 , 0.00185463 , 0.331456 , 0.331456 , 0.331456 , 
0.00153824 , 0.00153824 , 0.0038456 , 0.0038456 , 0.0153824 , 0.0153824 , 0.0307648 , 0.0461472 , 0.881555 , 
0.0444444 , 0.0444444 , 0.0444444 , 0.0444444 , 0.0444444 , 0.111111 , 0.111111 , 0.111111 , 0.444444 , 
0.00290241 , 0.00553332 , 0.008031 , 0.017171 , 0.0279023 , 0.0494889 , 0.0923697 , 0.210986 , 0.585615 , 
0.00724304 , 0.0100795 , 0.0183339 , 0.0228849 , 0.0304569 , 0.0761836 , 0.119122 , 0.20468 , 0.511016 , 
0.00332101 , 0.00604954 , 0.0128238 , 0.0199159 , 0.0306441 , 0.0522747 , 0.105048 , 0.191502 , 0.578421 , 
0.000732694 , 0.00293078 , 0.00293078 , 0.00586155 , 0.00879233 , 0.00879233 , 0.145183 , 0.243941 , 0.580835 , 
0.00250514 , 0.00375771 , 0.00375771 , 0.00375771 , 0.0684898 , 0.0908383 , 0.139766 , 0.223713 , 0.463415 , 
0.00757388 , 0.0151478 , 0.0151478 , 0.0227216 , 0.0227216 , 0.0227216 , 0.178568 , 0.260967 , 0.454431 , 
0.0185185 , 0.0185185 , 0.0740741 , 0.0740741 , 0.0740741 , 0.148148 , 0.148148 , 0.222222 , 0.222222 , 
0.00258822 , 0.00258822 , 0.00258822 , 0.00258822 , 0.00258822 , 0.0606716 , 0.110317 , 0.164218 , 0.651853 , 
0 , 0 , 0 , 0 , 0 , 0 , 0 , 0 , 0 , 
2.53055e-05 , 2.8959e-05 , 6.463e-05 , 6.77229e-05 , 0.000122907 , 0.000139458 , 0.000548684 , 0.0231482 , 0.975854 , 
0.0344828 , 0.0344828 , 0.0344828 , 0.0344828 , 0.0344828 , 0.137931 , 0.137931 , 0.275862 , 0.275862 , 
0.00283822 , 0.00659896 , 0.0130404 , 0.0245109 , 0.041184 , 0.0665878 , 0.119532 , 0.238496 , 0.487212 , 
0.0454545 , 0.0454545 , 0.0909091 , 0.136364 , 0.136364 , 0.136364 , 0.136364 , 0.136364 , 0.136364 , 
0.0769231 , 0.115385 , 0.115385 , 0.115385 , 0.115385 , 0.115385 , 0.115385 , 0.115385 , 0.115385 , 
0.0175439 , 0.0701754 , 0.0701754 , 0.0701754 , 0.0701754 , 0.140351 , 0.140351 , 0.210526 , 0.210526 , 
0.00138204 , 0.00138204 , 0.0034551 , 0.0034551 , 0.0034551 , 0.0138204 , 0.0276408 , 0.0414612 , 0.903948 , 
0.0235902 , 0.0329123 , 0.0430992 , 0.0572737 , 0.0724486 , 0.09757 , 0.128818 , 0.194967 , 0.349321 , 
0.000828018 , 0.000828018 , 0.00207004 , 0.00207004 , 0.00828018 , 0.0165604 , 0.0248405 , 0.0248405 , 0.919682 , 
0.00138473 , 0.00276946 , 0.00415419 , 0.00415419 , 0.0461617 , 0.067182 , 0.131018 , 0.227781 , 0.515395 , 
0.00109051 , 0.00272628 , 0.00272628 , 0.00272628 , 0.0109051 , 0.0218102 , 0.0218102 , 0.0327153 , 0.90349 , 
0.00205912 , 0.00205912 , 0.0082365 , 0.016473 , 0.016473 , 0.0247095 , 0.0247095 , 0.0247095 , 0.880571 , 
0.0833333 , 0.0833333 , 0.0833333 , 0.0833333 , 0.0833333 , 0.0833333 , 0.0833333 , 0.208333 , 0.208333 , 
0.00252904 , 0.00505808 , 0.00758713 , 0.00758713 , 0.00758713 , 0.0979784 , 0.13808 , 0.233508 , 0.500085 , 
0.00102127 , 0.00255317 , 0.00255317 , 0.0102127 , 0.0102127 , 0.0204254 , 0.0306381 , 0.0306381 , 0.891746 , 
0.000818621 , 0.00163724 , 0.00245586 , 0.00245586 , 0.0464192 , 0.0737423 , 0.112871 , 0.229627 , 0.529973 , 
0.0101523 , 0.0253807 , 0.0253807 , 0.0253807 , 0.101523 , 0.101523 , 0.203046 , 0.203046 , 0.304569 , 
0.000712388 , 0.00142478 , 0.00213716 , 0.0209307 , 0.0332559 , 0.0520798 , 0.0927028 , 0.201404 , 0.595352 , 
0.00682371 , 0.0100698 , 0.016067 , 0.0248006 , 0.0347856 , 0.056891 , 0.110105 , 0.200848 , 0.539609 , 
0.000805777 , 0.00173892 , 0.00360161 , 0.00794987 , 0.0164848 , 0.033039 , 0.0662682 , 0.182384 , 0.687728 , 
0.031746 , 0.031746 , 0.031746 , 0.031746 , 0.0793651 , 0.0793651 , 0.0793651 , 0.31746 , 0.31746 , 
0 , 0 , 0 , 0 , 0 , 0 , 0 , 0 , 0 , 
0.00119029 , 0.00476117 , 0.00476117 , 0.00952234 , 0.0142835 , 0.0142835 , 0.0142835 , 0.0142835 , 0.922631 , 
0.0769231 , 0.115385 , 0.115385 , 0.115385 , 0.115385 , 0.115385 , 0.115385 , 0.115385 , 0.115385 , 
0.00135745 , 0.00135745 , 0.00339364 , 0.00339364 , 0.0135745 , 0.0135745 , 0.0271491 , 0.0407236 , 0.895476 , 
0.047619 , 0.047619 , 0.047619 , 0.047619 , 0.047619 , 0.047619 , 0.119048 , 0.119048 , 0.47619 , 
0.00011725 , 0.00210902 , 0.00314054 , 0.00503841 , 0.00805806 , 0.0112496 , 0.0575806 , 0.150772 , 0.761935 , 
0.00915439 , 0.00915439 , 0.0137316 , 0.0137316 , 0.0137316 , 0.0137316 , 0.0137316 , 0.0137316 , 0.899302 , 
0.00240238 , 0.00240238 , 0.00360358 , 0.00360358 , 0.00360358 , 0.0782819 , 0.12676 , 0.215413 , 0.563929 , 
2.63402e-05 , 2.63402e-05 , 0.000398487 , 0.000398487 , 0.0170551 , 0.0170551 , 0.0170551 , 0.473993 , 0.473993 , 
0.0141844 , 0.0141844 , 0.0141844 , 0.035461 , 0.035461 , 0.035461 , 0.141844 , 0.283688 , 0.425532 , 
0.0740741 , 0.0740741 , 0.0740741 , 0.0740741 , 0.0740741 , 0.0740741 , 0.185185 , 0.185185 , 0.185185 , 
0.000910845 , 0.000910845 , 0.00227711 , 0.00227711 , 0.00910845 , 0.0182169 , 0.0182169 , 0.0273254 , 0.920756 , 
0.031746 , 0.031746 , 0.031746 , 0.031746 , 0.0793651 , 0.0793651 , 0.0793651 , 0.31746 , 0.31746 , 
0.00144123 , 0.00144123 , 0.022851 , 0.033562 , 0.0477107 , 0.0723879 , 0.121144 , 0.208547 , 0.490915 , 
0.0100503 , 0.0100503 , 0.0251256 , 0.0251256 , 0.0251256 , 0.100503 , 0.201005 , 0.301508 , 0.301508 , 
0.019802 , 0.019802 , 0.019802 , 0.049505 , 0.049505 , 0.049505 , 0.19802 , 0.19802 , 0.39604 , 
0.0172414 , 0.0172414 , 0.0689655 , 0.0689655 , 0.0689655 , 0.137931 , 0.206897 , 0.206897 , 0.206897 , 
0.0952381 , 0.0952381 , 0.0952381 , 0.0952381 , 0.0952381 , 0.0952381 , 0.0952381 , 0.0952381 , 0.238095 , 
0.000709117 , 0.00283647 , 0.00283647 , 0.00567293 , 0.0085094 , 0.0085094 , 0.0085094 , 0.269332 , 0.693085 , 
0.00112086 , 0.00112086 , 0.0105343 , 0.0164832 , 0.0330999 , 0.0517633 , 0.0944181 , 0.2136 , 0.57786 , 
0.00735294 , 0.0183824 , 0.0183824 , 0.0735294 , 0.0735294 , 0.147059 , 0.220588 , 0.220588 , 0.220588 , 
0.000926499 , 0.000926499 , 0.0205798 , 0.0273034 , 0.0431257 , 0.0625702 , 0.109108 , 0.195006 , 0.540453 , 
0 , 0 , 0 , 0 , 0 , 0 , 0 , 0 , 0 , 
0.0833333 , 0.0833333 , 0.0833333 , 0.0833333 , 0.0833333 , 0.0833333 , 0.0833333 , 0.208333 , 0.208333 , 
0.0125786 , 0.0125786 , 0.0314465 , 0.0314465 , 0.0314465 , 0.125786 , 0.125786 , 0.251572 , 0.377358 , 
0.00514862 , 0.0102972 , 0.0102972 , 0.0154459 , 0.0154459 , 0.0154459 , 0.0154459 , 0.0154459 , 0.897028 , 
0.000440996 , 0.00484497 , 0.00828846 , 0.0158178 , 0.0268687 , 0.0442901 , 0.0871495 , 0.192588 , 0.619711 , 
0.019802 , 0.019802 , 0.019802 , 0.049505 , 0.049505 , 0.049505 , 0.19802 , 0.19802 , 0.39604 , 
0.0169492 , 0.0169492 , 0.0169492 , 0.0169492 , 0.0423729 , 0.0423729 , 0.169492 , 0.169492 , 0.508475 , 
0.0163934 , 0.0655738 , 0.0655738 , 0.0655738 , 0.131148 , 0.131148 , 0.131148 , 0.196721 , 0.196721 , 
0.012987 , 0.0519481 , 0.0519481 , 0.103896 , 0.155844 , 0.155844 , 0.155844 , 0.155844 , 0.155844 , 
0.0392157 , 0.0392157 , 0.0392157 , 0.0980392 , 0.0980392 , 0.0980392 , 0.0980392 , 0.0980392 , 0.392157 , 
0.0952381 , 0.0952381 , 0.0952381 , 0.0952381 , 0.0952381 , 0.0952381 , 0.0952381 , 0.0952381 , 0.238095 , 
0.0240964 , 0.0240964 , 0.0240964 , 0.0240964 , 0.060241 , 0.060241 , 0.060241 , 0.240964 , 0.481928 , 
0.00147397 , 0.00221095 , 0.00221095 , 0.0260366 , 0.0394643 , 0.0677236 , 0.0965879 , 0.267454 , 0.496838 , 
0 , 0 , 0 , 0 , 0 , 0 , 0 , 0 , 0 , 
0.019802 , 0.019802 , 0.019802 , 0.049505 , 0.049505 , 0.049505 , 0.19802 , 0.19802 , 0.39604 , 
0.000586831 , 0.000586831 , 0.000586831 , 0.000586831 , 0.199531 , 0.199531 , 0.199531 , 0.199531 , 0.199531 , 
0.0952381 , 0.0952381 , 0.0952381 , 0.0952381 , 0.0952381 , 0.0952381 , 0.0952381 , 0.0952381 , 0.238095 , 
0.000558007 , 0.00139502 , 0.00139502 , 0.00558007 , 0.00558007 , 0.0111601 , 0.0167402 , 0.28251 , 0.675082 , 
0.000692282 , 0.000822862 , 0.000935393 , 0.00114859 , 0.00260967 , 0.00567448 , 0.0179213 , 0.216691 , 0.753504 , 
0.0103013 , 0.0159178 , 0.0232528 , 0.0331824 , 0.0479782 , 0.0767282 , 0.115161 , 0.217529 , 0.45995 , 
0 , 0 , 0 , 0 , 0 , 0 , 0 , 0 , 0 , 
0.000953124 , 0.000953124 , 0.0116284 , 0.0181334 , 0.0300763 , 0.0553421 , 0.095538 , 0.198566 , 0.58881 , 
4.06132e-05 , 0.00105046 , 0.0017801 , 0.0024678 , 0.00300065 , 0.00661288 , 0.0120132 , 0.0260001 , 0.947034 , 
0.00286951 , 0.00286951 , 0.00430426 , 0.0282143 , 0.0443543 , 0.0608667 , 0.108312 , 0.22209 , 0.526119 , 
0.0240964 , 0.0240964 , 0.0240964 , 0.0240964 , 0.060241 , 0.060241 , 0.060241 , 0.240964 , 0.481928 , 
0.0833333 , 0.0833333 , 0.0833333 , 0.0833333 , 0.0833333 , 0.0833333 , 0.0833333 , 0.208333 , 0.208333 , 
0.000992199 , 0.000992199 , 0.000992199 , 0.0199243 , 0.0321714 , 0.0518276 , 0.107075 , 0.209606 , 0.57642 , 
0.000213094 , 0.00255713 , 0.00255713 , 0.00255713 , 0.0417987 , 0.0645936 , 0.104921 , 0.213616 , 0.567186 , 
0.00020891 , 0.00020891 , 0.00020891 , 0.00020891 , 0.199833 , 0.199833 , 0.199833 , 0.199833 , 0.199833 , 
0.000794502 , 0.000794502 , 0.00317801 , 0.00317801 , 0.00635602 , 0.00953403 , 0.149652 , 0.244615 , 0.581897 , 
0.0132232 , 0.019369 , 0.0227787 , 0.0502214 , 0.0667417 , 0.0940748 , 0.108325 , 0.116186 , 0.50908 , 
0.00112925 , 0.00169387 , 0.0205443 , 0.0269191 , 0.041145 , 0.0642988 , 0.113082 , 0.197444 , 0.533744 , 
0.000567495 , 0.000567495 , 0.00226998 , 0.00453996 , 0.00680995 , 0.00680995 , 0.00680995 , 0.257806 , 0.71382 , 
0.0833333 , 0.0833333 , 0.0833333 , 0.0833333 , 0.0833333 , 0.0833333 , 0.0833333 , 0.208333 , 0.208333 , 
0.0232558 , 0.0232558 , 0.0232558 , 0.0581395 , 0.0581395 , 0.0581395 , 0.0581395 , 0.232558 , 0.465116 , 
0 , 0 , 0 , 0 , 0 , 0 , 0 , 0 , 0 , 
9.41264e-05 , 9.41264e-05 , 9.41264e-05 , 0.00596588 , 0.00596588 , 0.00596588 , 0.327273 , 0.327273 , 0.327273 , 
0.0038899 , 0.0038899 , 0.0038899 , 0.0155596 , 0.0155596 , 0.0311192 , 0.0466788 , 0.0466788 , 0.832734 , 
0.000677985 , 0.000677985 , 0.00121828 , 0.00121828 , 0.0099291 , 0.0099291 , 0.0099291 , 0.48321 , 0.48321 , 
0.000162395 , 0.00102 , 0.00102 , 0.00184922 , 0.00184922 , 0.0067378 , 0.0067378 , 0.490312 , 0.490312 , 
0.00192196 , 0.00192196 , 0.00768782 , 0.00768782 , 0.00768782 , 0.0153756 , 0.0230635 , 0.307793 , 0.626861 , 
0.00378436 , 0.00704716 , 0.0121307 , 0.0213393 , 0.0371204 , 0.0624184 , 0.104217 , 0.229348 , 0.522594 , 
0.00376739 , 0.00565108 , 0.00565108 , 0.0403982 , 0.052469 , 0.0713008 , 0.141326 , 0.193346 , 0.48609 , 
0.0128205 , 0.0128205 , 0.0128205 , 0.0320513 , 0.0320513 , 0.128205 , 0.128205 , 0.25641 , 0.384615 , 
0.00165234 , 0.0032085 , 0.00863372 , 0.0141067 , 0.0239768 , 0.0460642 , 0.0987393 , 0.195944 , 0.607674 , 
0.0153846 , 0.0615385 , 0.0615385 , 0.0615385 , 0.123077 , 0.123077 , 0.184615 , 0.184615 , 0.184615 , 
0.00917001 , 0.01834 , 0.01834 , 0.02751 , 0.02751 , 0.02751 , 0.193498 , 0.259707 , 0.418415 , 
0.00133637 , 0.00133637 , 0.00267275 , 0.00400912 , 0.00400912 , 0.0684933 , 0.113608 , 0.206886 , 0.597648 , 
0.0212766 , 0.0212766 , 0.0212766 , 0.0851064 , 0.0851064 , 0.0851064 , 0.170213 , 0.255319 , 0.255319 , 
0.000656466 , 0.00164117 , 0.00164117 , 0.00656466 , 0.00656466 , 0.0131293 , 0.019694 , 0.310842 , 0.639267 , 
0.0769231 , 0.115385 , 0.115385 , 0.115385 , 0.115385 , 0.115385 , 0.115385 , 0.115385 , 0.115385 , 
0 , 0 , 0 , 0 , 0 , 0 , 0 , 0 , 0 , 
0.00164874 , 0.00279141 , 0.00674604 , 0.0181309 , 0.0297076 , 0.0372028 , 0.0680647 , 0.212872 , 0.622836 , 
0.0125786 , 0.0125786 , 0.0314465 , 0.0314465 , 0.0314465 , 0.125786 , 0.125786 , 0.251572 , 0.377358 , 
0.0198482 , 0.0236631 , 0.0319387 , 0.0405852 , 0.0582185 , 0.08195 , 0.114813 , 0.186381 , 0.442603 , 
0.000564983 , 0.00657047 , 0.0107895 , 0.0185749 , 0.0259773 , 0.0330099 , 0.105996 , 0.169998 , 0.628519 , 
0 , 0 , 0 , 0 , 0 , 0 , 0 , 0 , 0 , 
0.000189398 , 0.00357577 , 0.0057839 , 0.0116275 , 0.0200706 , 0.0383525 , 0.0948173 , 0.181214 , 0.644369 , 
0.00170117 , 0.00170117 , 0.023022 , 0.0323358 , 0.0454339 , 0.0756596 , 0.118204 , 0.211325 , 0.490617 , 
0 , 0 , 0 , 0 , 0 , 0 , 0 , 0 , 0 , 
0.00713175 , 0.0126786 , 0.01923 , 0.0298499 , 0.0447797 , 0.0686016 , 0.102731 , 0.209728 , 0.50527 , 
0.00314483 , 0.00695475 , 0.0165557 , 0.0219281 , 0.0378776 , 0.0546106 , 0.129596 , 0.219371 , 0.509962 , 
0.0125786 , 0.0125786 , 0.0314465 , 0.0314465 , 0.0314465 , 0.125786 , 0.125786 , 0.251572 , 0.377358 , 
0.00106172 , 0.0132533 , 0.0192063 , 0.0293805 , 0.0431004 , 0.0672997 , 0.106223 , 0.204307 , 0.516168 , 
0.0018257 , 0.00365141 , 0.00547711 , 0.00547711 , 0.00547711 , 0.00547711 , 0.132465 , 0.256326 , 0.583824 , 
0.0240964 , 0.0240964 , 0.0240964 , 0.0240964 , 0.060241 , 0.060241 , 0.060241 , 0.240964 , 0.481928 , 
0.0277778 , 0.0694444 , 0.0694444 , 0.0694444 , 0.0694444 , 0.0694444 , 0.0694444 , 0.277778 , 0.277778 , 
0.000940439 , 0.000940439 , 0.000940439 , 0.000940439 , 0.199248 , 0.199248 , 0.199248 , 0.199248 , 0.199248 , 
0.000160175 , 0.00620106 , 0.00903906 , 0.0110676 , 0.0151698 , 0.0266621 , 0.0544995 , 0.0645507 , 0.81265 , 
0.00921659 , 0.0230415 , 0.0230415 , 0.0230415 , 0.0921659 , 0.0921659 , 0.184332 , 0.276498 , 0.276498 , 
0.000789482 , 0.000789482 , 0.00315793 , 0.00631586 , 0.00947379 , 0.00947379 , 0.00947379 , 0.266719 , 0.693807 , 
0.00293546 , 0.00337303 , 0.00435413 , 0.0109884 , 0.0205395 , 0.0227107 , 0.119321 , 0.125474 , 0.690303 , 
0.00204057 , 0.00212735 , 0.00274554 , 0.00225278 , 0.00584683 , 0.00686427 , 0.0091882 , 0.0559041 , 0.91303 , 
0.000347063 , 0.00138825 , 0.0027765 , 0.00416475 , 0.00416475 , 0.0670306 , 0.110541 , 0.209862 , 0.599725 , 
0.0240964 , 0.0240964 , 0.0240964 , 0.0240964 , 0.060241 , 0.060241 , 0.060241 , 0.240964 , 0.481928 , 
0.00462489 , 0.00462489 , 0.00924978 , 0.00924978 , 0.0138747 , 0.0138747 , 0.0138747 , 0.0138747 , 0.916752 , 
0.000431903 , 0.00172761 , 0.00345522 , 0.00518284 , 0.00518284 , 0.00518284 , 0.124552 , 0.243987 , 0.610298 , 
0.00176966 , 0.00176966 , 0.00176966 , 0.00442415 , 0.00442415 , 0.0176966 , 0.0176966 , 0.0353932 , 0.915056 , 
0.00174662 , 0.00523985 , 0.00523985 , 0.00523985 , 0.00523985 , 0.00523985 , 0.125906 , 0.236565 , 0.609583 , 
0.0192308 , 0.0192308 , 0.0480769 , 0.0480769 , 0.0480769 , 0.0480769 , 0.192308 , 0.192308 , 0.384615 , 
0.00189833 , 0.00189833 , 0.00189833 , 0.00759333 , 0.0151867 , 0.0151867 , 0.02278 , 0.02278 , 0.910778 , 
0.00169869 , 0.00169869 , 0.00679475 , 0.00679475 , 0.0135895 , 0.0135895 , 0.0203843 , 0.312073 , 0.623377 , 
0.0238095 , 0.0238095 , 0.0595238 , 0.0595238 , 0.0595238 , 0.0595238 , 0.238095 , 0.238095 , 0.238095 , 
0.0740741 , 0.0740741 , 0.0740741 , 0.0740741 , 0.0740741 , 0.0740741 , 0.185185 , 0.185185 , 0.185185 , 
0.0084945 , 0.0131193 , 0.0199486 , 0.0307719 , 0.0438125 , 0.0663003 , 0.110847 , 0.201311 , 0.505395 , 
0.000103508 , 0.000103508 , 0.000103508 , 0.00543031 , 0.00543031 , 0.00543031 , 0.3278 , 0.3278 , 0.3278 , 
0.016129 , 0.016129 , 0.0645161 , 0.0645161 , 0.129032 , 0.129032 , 0.193548 , 0.193548 , 0.193548 , 
