0.000363951 , 0.000363951 , 0.00109185 , 0.0191244 , 0.0272476 , 0.0324284 , 0.0578222 , 0.131575 , 0.729983 , 
0.000379884 , 0.000379884 , 0.00113965 , 0.0199616 , 0.0284446 , 0.0339054 , 0.0605016 , 0.0921145 , 0.763173 , 
0.000379958 , 0.000379958 , 0.00113987 , 0.0199655 , 0.0284501 , 0.0339096 , 0.0604598 , 0.0920099 , 0.763305 , 
0.000379958 , 0.000379958 , 0.00113987 , 0.0199655 , 0.0284501 , 0.0339096 , 0.0604598 , 0.0920099 , 0.763305 , 
0.000379958 , 0.000379958 , 0.00113987 , 0.0199655 , 0.0284501 , 0.0339096 , 0.0604598 , 0.0920099 , 0.763305 , 
0.000379961 , 0.000379961 , 0.00113988 , 0.0199656 , 0.0284499 , 0.0339087 , 0.0604587 , 0.0920089 , 0.763308 , 
0.000371334 , 0.000742668 , 0.001114 , 0.0287703 , 0.0359362 , 0.0497106 , 0.0758781 , 0.109542 , 0.697935 , 
0.000374684 , 0.000749368 , 0.00112405 , 0.0290298 , 0.0362603 , 0.0501589 , 0.0765625 , 0.11053 , 0.69521 , 
0.000239561 , 0.000479123 , 0.000718684 , 0.0137992 , 0.0184307 , 0.0223496 , 0.0374918 , 0.061186 , 0.845305 , 
0.000643221 , 0.000643221 , 0.000964832 , 0.0261588 , 0.0362444 , 0.043054 , 0.0657176 , 0.0948738 , 0.7317 , 
0.00022567 , 0.00022567 , 0.000677011 , 0.0137206 , 0.0183353 , 0.0208547 , 0.0373519 , 0.0609628 , 0.847646 , 
8.09755e-05 , 0.000323902 , 0.000323902 , 0.000647804 , 0.0161565 , 0.0252567 , 0.0340329 , 0.0642372 , 0.85894 , 
0.000205533 , 0.000411065 , 0.00999062 , 0.0138721 , 0.0179662 , 0.0282375 , 0.0364928 , 0.0711187 , 0.821706 , 
0.000233101 , 0.000466203 , 0.000699304 , 0.0133399 , 0.0175261 , 0.0212123 , 0.0349721 , 0.0582121 , 0.853339 , 
0.00038574 , 0.000771481 , 0.00115722 , 0.0255026 , 0.0330467 , 0.0446968 , 0.0773224 , 0.104445 , 0.712672 , 
0.00420829 , 0.00734107 , 0.0112227 , 0.011646 , 0.0192323 , 0.041841 , 0.0430844 , 0.249769 , 0.611655 , 
0.000202454 , 0.000809816 , 0.000809816 , 0.00161963 , 0.00242945 , 0.0486858 , 0.0786918 , 0.202451 , 0.6643 , 
0.000285498 , 0.00114199 , 0.00114199 , 0.00228398 , 0.00342597 , 0.00342597 , 0.100912 , 0.196041 , 0.691342 , 
9.81316e-05 , 0.000392526 , 0.000392526 , 0.00117758 , 0.0201661 , 0.0321 , 0.0517834 , 0.0792047 , 0.814685 , 
0.000359153 , 0.000359153 , 0.000718307 , 0.00107746 , 0.0211779 , 0.0312212 , 0.0575629 , 0.0776587 , 0.809865 , 
9.36809e-05 , 0.000374724 , 0.000749447 , 0.00112417 , 0.021186 , 0.032447 , 0.0426761 , 0.0784266 , 0.822922 , 
0.000113754 , 0.000455018 , 0.000910036 , 0.00136505 , 0.00136505 , 0.0383518 , 0.0585893 , 0.0970782 , 0.801772 , 
0.000395583 , 0.00931814 , 0.0128312 , 0.0166474 , 0.0201351 , 0.0319186 , 0.0432249 , 0.26524 , 0.600289 , 
0.000457494 , 0.000457494 , 0.000914988 , 0.00137248 , 0.0320731 , 0.0428915 , 0.0617305 , 0.0984694 , 0.761633 , 
0.000264956 , 0.00105982 , 0.00211964 , 0.00211964 , 0.00317947 , 0.0797207 , 0.106041 , 0.192312 , 0.613183 , 
0.000103184 , 0.000412736 , 0.000412736 , 0.00123821 , 0.0229343 , 0.0359921 , 0.0649466 , 0.132914 , 0.741047 , 
0.000109991 , 0.000439963 , 0.000439963 , 0.000879926 , 0.0219717 , 0.0302057 , 0.0486282 , 0.0843721 , 0.812952 , 
0.000114915 , 0.00045966 , 0.00091932 , 0.00091932 , 0.0213319 , 0.0316516 , 0.0544076 , 0.126635 , 0.763561 , 
0.000877135 , 0.000877135 , 0.00175427 , 0.00175427 , 0.0026314 , 0.0692983 , 0.101614 , 0.161655 , 0.659538 , 
0.000188307 , 0.000753227 , 0.000753227 , 0.00150645 , 0.00225968 , 0.0464508 , 0.075167 , 0.13737 , 0.735552 , 
0.000225965 , 0.000903858 , 0.00180772 , 0.00180772 , 0.00271158 , 0.0583793 , 0.0847967 , 0.151675 , 0.697692 , 
0.000121019 , 0.000484076 , 0.000484076 , 0.000968153 , 0.0219199 , 0.0345902 , 0.0536035 , 0.0958454 , 0.791984 , 
0.000223151 , 0.000892603 , 0.00178521 , 0.00178521 , 0.00267781 , 0.0700709 , 0.106748 , 0.164114 , 0.651702 , 
0.000282604 , 0.00113042 , 0.00113042 , 0.00226083 , 0.00339125 , 0.0522157 , 0.088209 , 0.17896 , 0.67242 , 
0.000188743 , 0.000188743 , 0.000754972 , 0.000754972 , 0.00226492 , 0.0437805 , 0.0755635 , 0.203615 , 0.672888 , 
0.000320605 , 0.000320605 , 0.00128242 , 0.00256484 , 0.00256484 , 0.00384725 , 0.0915635 , 0.18984 , 0.707696 , 
0.000263104 , 0.00105242 , 0.00105242 , 0.00210483 , 0.00315725 , 0.0556692 , 0.0855233 , 0.182308 , 0.668869 , 
0.000338888 , 0.00135555 , 0.00135555 , 0.00271111 , 0.00271111 , 0.00406666 , 0.0939245 , 0.184489 , 0.709047 , 
0.000464667 , 0.000464667 , 0.00185867 , 0.00371733 , 0.00371733 , 0.005576 , 0.100983 , 0.218669 , 0.664549 , 
0.000335406 , 0.00134162 , 0.00134162 , 0.00268325 , 0.00268325 , 0.00402487 , 0.0928168 , 0.183 , 0.711774 , 
0.000325591 , 0.000325591 , 0.00130236 , 0.00260472 , 0.00260472 , 0.00390709 , 0.0863437 , 0.140281 , 0.762305 , 
0.000360095 , 0.000360095 , 0.00144038 , 0.00288076 , 0.00288076 , 0.00432114 , 0.0897485 , 0.202077 , 0.695931 , 
0.000438321 , 0.000438321 , 0.00175328 , 0.00350657 , 0.00350657 , 0.00525985 , 0.0919903 , 0.151285 , 0.741822 , 
0.000431784 , 0.000431784 , 0.00172714 , 0.00172714 , 0.00345427 , 0.00518141 , 0.0868224 , 0.225168 , 0.675056 , 
0.000401016 , 0.000401016 , 0.00160406 , 0.00320813 , 0.00320813 , 0.00481219 , 0.0910574 , 0.21699 , 0.678318 , 
0.000314082 , 0.000314082 , 0.00125633 , 0.00251265 , 0.00251265 , 0.00376898 , 0.0877222 , 0.200179 , 0.70142 , 
0.000417557 , 0.000417557 , 0.00167023 , 0.00167023 , 0.00334046 , 0.00501069 , 0.0895371 , 0.209837 , 0.688099 , 
0.000460586 , 0.00184234 , 0.00184234 , 0.00368468 , 0.00368468 , 0.00552703 , 0.113005 , 0.193563 , 0.67639 , 
0.000376705 , 0.000376705 , 0.00150682 , 0.00150682 , 0.00301364 , 0.00452046 , 0.0855485 , 0.170437 , 0.732713 , 
0.000422703 , 0.000422703 , 0.00169081 , 0.00169081 , 0.00338162 , 0.00507243 , 0.0950899 , 0.181223 , 0.711006 , 
0.000394265 , 0.000394265 , 0.00157706 , 0.00315412 , 0.00315412 , 0.00473118 , 0.0943875 , 0.210055 , 0.682153 , 
0.000476527 , 0.000476527 , 0.00190611 , 0.00190611 , 0.00381222 , 0.00571833 , 0.100049 , 0.192046 , 0.693608 , 
0.000678186 , 0.000678186 , 0.00271275 , 0.00271275 , 0.00542549 , 0.00813824 , 0.00813824 , 0.229186 , 0.74233 , 
0.000441862 , 0.000441862 , 0.00176745 , 0.0035349 , 0.0035349 , 0.00530234 , 0.109104 , 0.189592 , 0.686282 , 
0.000194167 , 0.000485416 , 0.00194167 , 0.00194167 , 0.00388333 , 0.005825 , 0.0939638 , 0.182701 , 0.709064 , 
0.000526018 , 0.000526018 , 0.00210407 , 0.00210407 , 0.00420814 , 0.00631222 , 0.107273 , 0.176238 , 0.700708 , 
0.000470433 , 0.000470433 , 0.00188173 , 0.00188173 , 0.00376347 , 0.0056452 , 0.104763 , 0.187896 , 0.693228 , 
0.000440436 , 0.000440436 , 0.00176174 , 0.00176174 , 0.00352349 , 0.00528523 , 0.0864548 , 0.181901 , 0.718431 , 
0.000494145 , 0.000494145 , 0.00197658 , 0.00197658 , 0.00395316 , 0.00592974 , 0.0931007 , 0.188136 , 0.703939 , 
0.000545979 , 0.000545979 , 0.00218392 , 0.00436783 , 0.00436783 , 0.00655175 , 0.115116 , 0.234869 , 0.631452 , 
0.000521615 , 0.000521615 , 0.00208646 , 0.00208646 , 0.00417292 , 0.00625938 , 0.100111 , 0.189898 , 0.694343 , 
0.000574158 , 0.000574158 , 0.00229663 , 0.00229663 , 0.00459327 , 0.0068899 , 0.116834 , 0.222693 , 0.643249 , 
0.000692694 , 0.000692694 , 0.00277077 , 0.00277077 , 0.00554155 , 0.00831232 , 0.00831232 , 0.250496 , 0.720411 , 
0.000585343 , 0.000585343 , 0.00234137 , 0.00468274 , 0.00468274 , 0.00702411 , 0.106401 , 0.212506 , 0.661191 , 
0.000618549 , 0.0024742 , 0.0024742 , 0.00494839 , 0.00494839 , 0.00742259 , 0.131011 , 0.221565 , 0.624538 , 
0.000670007 , 0.00268003 , 0.00268003 , 0.00536006 , 0.00536006 , 0.00804008 , 0.136301 , 0.237327 , 0.601582 , 
0.00055723 , 0.00222892 , 0.00222892 , 0.00445784 , 0.00445784 , 0.00668676 , 0.121103 , 0.228137 , 0.630142 , 
0.000819046 , 0.000819046 , 0.00327618 , 0.00327618 , 0.00655237 , 0.00982855 , 0.148798 , 0.270571 , 0.556059 , 
0.000848461 , 0.000848461 , 0.00339385 , 0.00339385 , 0.00678769 , 0.0101815 , 0.157754 , 0.267777 , 0.549014 , 
0.000814879 , 0.000814879 , 0.00325952 , 0.00325952 , 0.00651903 , 0.00651903 , 0.00977855 , 0.212894 , 0.75614 , 
0.000806227 , 0.000806227 , 0.00322491 , 0.00322491 , 0.00644981 , 0.00644981 , 0.00967472 , 0.233013 , 0.736351 , 
0.000716128 , 0.000716128 , 0.00286451 , 0.00286451 , 0.00572903 , 0.00859354 , 0.135982 , 0.224927 , 0.617607 , 
0.000330289 , 0.000825723 , 0.00330289 , 0.00330289 , 0.00660579 , 0.00660579 , 0.00990868 , 0.224546 , 0.744572 , 
0.00069169 , 0.00276676 , 0.00276676 , 0.00276676 , 0.00553352 , 0.00830028 , 0.146468 , 0.210831 , 0.619875 , 
0.000858807 , 0.000858807 , 0.00343523 , 0.00343523 , 0.00687045 , 0.0103057 , 0.162201 , 0.264727 , 0.547307 , 
0.000722631 , 0.000722631 , 0.00289052 , 0.00289052 , 0.00578105 , 0.00867157 , 0.141769 , 0.223828 , 0.612724 , 
0.000763054 , 0.000763054 , 0.00305222 , 0.00305222 , 0.00610443 , 0.00915665 , 0.138998 , 0.236889 , 0.601221 , 
0.000842829 , 0.00337132 , 0.00337132 , 0.00337132 , 0.00674263 , 0.0101139 , 0.153767 , 0.245391 , 0.573029 , 
0.000356737 , 0.000891843 , 0.00356737 , 0.00356737 , 0.00713474 , 0.0107021 , 0.0107021 , 0.256097 , 0.706981 , 
0.000985036 , 0.000985036 , 0.00394014 , 0.00394014 , 0.00788029 , 0.0118204 , 0.0118204 , 0.287704 , 0.670925 , 
0.000458793 , 0.00114698 , 0.00114698 , 0.00458793 , 0.00458793 , 0.00917586 , 0.0137638 , 0.261906 , 0.703226 , 
0.0004866 , 0.0012165 , 0.004866 , 0.004866 , 0.009732 , 0.009732 , 0.014598 , 0.29323 , 0.661273 , 
0.000530749 , 0.00132687 , 0.00530749 , 0.00530749 , 0.010615 , 0.010615 , 0.0159225 , 0.330391 , 0.619983 , 
0.000824572 , 0.00329829 , 0.00329829 , 0.00659658 , 0.00659658 , 0.00989487 , 0.166516 , 0.256841 , 0.546133 , 
0.000433896 , 0.00108474 , 0.00108474 , 0.00433896 , 0.00433896 , 0.00867792 , 0.0130169 , 0.261458 , 0.705566 , 
0.00074512 , 0.0018628 , 0.0018628 , 0.0018628 , 0.0074512 , 0.0149024 , 0.0149024 , 0.0223536 , 0.934057 , 
0.000526916 , 0.00131729 , 0.00131729 , 0.00526916 , 0.00526916 , 0.0105383 , 0.0158075 , 0.287403 , 0.672551 , 
0.000961103 , 0.00384441 , 0.00384441 , 0.00384441 , 0.00768882 , 0.0115332 , 0.178993 , 0.282898 , 0.506394 , 
0.00102212 , 0.00408849 , 0.00408849 , 0.00408849 , 0.00817698 , 0.0122655 , 0.187725 , 0.27023 , 0.508315 , 
0.000978695 , 0.00391478 , 0.00391478 , 0.00782956 , 0.00782956 , 0.0117443 , 0.183546 , 0.255227 , 0.525015 , 
0.000607767 , 0.00151942 , 0.00151942 , 0.00607767 , 0.00607767 , 0.0121553 , 0.018233 , 0.325487 , 0.628323 , 
0.00071158 , 0.00177895 , 0.00177895 , 0.0071158 , 0.0071158 , 0.0142316 , 0.0213474 , 0.335058 , 0.610862 , 
0.00131512 , 0.00131512 , 0.00526047 , 0.00526047 , 0.0105209 , 0.0157814 , 0.0157814 , 0.319162 , 0.625603 , 
0.00103145 , 0.00103145 , 0.00257863 , 0.00257863 , 0.0103145 , 0.0103145 , 0.020629 , 0.0309435 , 0.920578 , 
0.000561834 , 0.00140459 , 0.00140459 , 0.00561834 , 0.00561834 , 0.0112367 , 0.016855 , 0.300837 , 0.656464 , 
0.000545532 , 0.00136383 , 0.00136383 , 0.00545532 , 0.00545532 , 0.0109106 , 0.0163659 , 0.273417 , 0.685122 , 
0.00042349 , 0.00105872 , 0.0042349 , 0.0042349 , 0.0042349 , 0.0084698 , 0.0127047 , 0.253752 , 0.710887 , 
0.000448297 , 0.00112074 , 0.00112074 , 0.00448297 , 0.00448297 , 0.00896595 , 0.0134489 , 0.267028 , 0.698901 , 
0.000542959 , 0.0013574 , 0.0013574 , 0.00542959 , 0.00542959 , 0.0108592 , 0.0162888 , 0.292376 , 0.666359 , 
0.000427673 , 0.00106918 , 0.00106918 , 0.00427673 , 0.00427673 , 0.00855347 , 0.0128302 , 0.265654 , 0.701843 , 
0.000542146 , 0.00135536 , 0.00135536 , 0.00542146 , 0.00542146 , 0.0108429 , 0.0162644 , 0.273189 , 0.685608 , 
0.000836291 , 0.00209073 , 0.00209073 , 0.00209073 , 0.00836291 , 0.0167258 , 0.0250887 , 0.0250887 , 0.917625 , 
0.000539752 , 0.00134938 , 0.00134938 , 0.00539752 , 0.00539752 , 0.010795 , 0.0161926 , 0.309756 , 0.649223 , 
0.00050034 , 0.00125085 , 0.00125085 , 0.0050034 , 0.0050034 , 0.0100068 , 0.0150102 , 0.264295 , 0.697679 , 
0.000476267 , 0.00119067 , 0.00476267 , 0.00476267 , 0.00476267 , 0.00952535 , 0.014288 , 0.291698 , 0.668534 , 
0.000532978 , 0.00133244 , 0.00133244 , 0.00532978 , 0.00532978 , 0.0106596 , 0.0159893 , 0.304668 , 0.654825 , 
0.000514525 , 0.00128631 , 0.00128631 , 0.00514525 , 0.00514525 , 0.0102905 , 0.0154358 , 0.313541 , 0.647355 , 
0.000551675 , 0.00137919 , 0.00137919 , 0.00551675 , 0.00551675 , 0.0110335 , 0.0165503 , 0.301314 , 0.656759 , 
0.000526151 , 0.00131538 , 0.00131538 , 0.00526151 , 0.00526151 , 0.010523 , 0.0157845 , 0.311853 , 0.64816 , 
0.000596468 , 0.00149117 , 0.00149117 , 0.00596468 , 0.00596468 , 0.0119294 , 0.017894 , 0.287557 , 0.667111 , 
0.000912583 , 0.000912583 , 0.00228146 , 0.00228146 , 0.00912583 , 0.00912583 , 0.0182517 , 0.0273775 , 0.929731 , 
0.00047681 , 0.00047681 , 0.00119202 , 0.00119202 , 0.0047681 , 0.0047681 , 0.0095362 , 0.272258 , 0.705332 , 
0.00106234 , 0.00106234 , 0.00265584 , 0.00265584 , 0.0106234 , 0.0106234 , 0.0318701 , 0.0318701 , 0.907577 , 
0.000948252 , 0.000948252 , 0.00237063 , 0.00237063 , 0.00948252 , 0.00948252 , 0.018965 , 0.0284476 , 0.926985 , 
0.000983015 , 0.000983015 , 0.00245754 , 0.00245754 , 0.00983015 , 0.00983015 , 0.0196603 , 0.0294905 , 0.924308 , 
0.000360782 , 0.000360782 , 0.000360782 , 0.000901956 , 0.000901956 , 0.00360782 , 0.0108235 , 0.24823 , 0.734452 , 
0.000893719 , 0.000893719 , 0.0022343 , 0.0022343 , 0.00893719 , 0.00893719 , 0.0178744 , 0.0268116 , 0.931184 , 
0.000882753 , 0.000882753 , 0.00220688 , 0.00220688 , 0.00882753 , 0.00882753 , 0.0176551 , 0.0264826 , 0.932028 , 
0.000930776 , 0.000930776 , 0.00232694 , 0.00232694 , 0.00930776 , 0.00930776 , 0.0186155 , 0.0279233 , 0.92833 , 
0.000970048 , 0.000970048 , 0.00242512 , 0.00242512 , 0.00970048 , 0.00970048 , 0.019401 , 0.0291014 , 0.925306 , 
0.00102528 , 0.00102528 , 0.0025632 , 0.0025632 , 0.0102528 , 0.0102528 , 0.0205056 , 0.0307584 , 0.921053 , 
0.000651593 , 0.000651593 , 0.00162898 , 0.00162898 , 0.00651593 , 0.00651593 , 0.0130319 , 0.281338 , 0.688037 , 
0.000978345 , 0.000978345 , 0.00244586 , 0.00244586 , 0.00978345 , 0.00978345 , 0.0195669 , 0.0293503 , 0.924667 , 
0.00104545 , 0.00104545 , 0.00261363 , 0.00261363 , 0.0104545 , 0.0104545 , 0.0209091 , 0.0313636 , 0.9195 , 
0.000799826 , 0.000799826 , 0.00199956 , 0.00199956 , 0.00799826 , 0.00799826 , 0.0159965 , 0.0239948 , 0.938413 , 
0.000606356 , 0.00151589 , 0.00151589 , 0.00606356 , 0.00606356 , 0.0121271 , 0.0181907 , 0.284058 , 0.669859 , 
0.000842145 , 0.000842145 , 0.00210536 , 0.00210536 , 0.00842145 , 0.00842145 , 0.0168429 , 0.0252644 , 0.935155 , 
0.00102956 , 0.00102956 , 0.0025739 , 0.0025739 , 0.0102956 , 0.0102956 , 0.0205912 , 0.0308868 , 0.920724 , 
0.000923533 , 0.000923533 , 0.00230883 , 0.00230883 , 0.00923533 , 0.00923533 , 0.0184707 , 0.027706 , 0.928888 , 
0.00107798 , 0.00107798 , 0.00269494 , 0.00269494 , 0.0107798 , 0.0107798 , 0.0215595 , 0.0323393 , 0.916996 , 
0.000850849 , 0.000850849 , 0.00212712 , 0.00212712 , 0.00850849 , 0.017017 , 0.0255255 , 0.0255255 , 0.917468 , 
0.000948854 , 0.000948854 , 0.00237213 , 0.00237213 , 0.00948854 , 0.00948854 , 0.0189771 , 0.0284656 , 0.926938 , 
0.000972077 , 0.000972077 , 0.00243019 , 0.00243019 , 0.00972077 , 0.0194415 , 0.0291623 , 0.0291623 , 0.905708 , 
0.000986472 , 0.000986472 , 0.00246618 , 0.00246618 , 0.00986472 , 0.00986472 , 0.0197294 , 0.0295941 , 0.924042 , 
0.000896061 , 0.000896061 , 0.00224015 , 0.00224015 , 0.00896061 , 0.00896061 , 0.0179212 , 0.0268818 , 0.931003 , 
0.000923057 , 0.000923057 , 0.00230764 , 0.00230764 , 0.00923057 , 0.00923057 , 0.0184611 , 0.0276917 , 0.928925 , 
0.000903396 , 0.000903396 , 0.00225849 , 0.00225849 , 0.00903396 , 0.00903396 , 0.0180679 , 0.0271019 , 0.930439 , 
0.00098344 , 0.00098344 , 0.0024586 , 0.0024586 , 0.0098344 , 0.0098344 , 0.0196688 , 0.0295032 , 0.924275 , 
0.000896656 , 0.000896656 , 0.00224164 , 0.00224164 , 0.00896656 , 0.00896656 , 0.0179331 , 0.0268997 , 0.930957 , 
0.000904442 , 0.000904442 , 0.0022611 , 0.0022611 , 0.00904442 , 0.00904442 , 0.0180888 , 0.0271333 , 0.930358 , 
0.00100724 , 0.00100724 , 0.00251809 , 0.00251809 , 0.0100724 , 0.0100724 , 0.0201448 , 0.0302171 , 0.922443 , 
0.00084787 , 0.00084787 , 0.00211968 , 0.00211968 , 0.0084787 , 0.0084787 , 0.0169574 , 0.0254361 , 0.934714 , 
0.000849496 , 0.000849496 , 0.00212374 , 0.00212374 , 0.00849496 , 0.00849496 , 0.0254849 , 0.0254849 , 0.926094 , 
0.000859621 , 0.000859621 , 0.00214905 , 0.00214905 , 0.00859621 , 0.00859621 , 0.0171924 , 0.0257886 , 0.933809 , 
0.000980583 , 0.000980583 , 0.00245146 , 0.00245146 , 0.00980583 , 0.00980583 , 0.0196117 , 0.0294175 , 0.924495 , 
0.000917205 , 0.000917205 , 0.00229301 , 0.00229301 , 0.00917205 , 0.00917205 , 0.0183441 , 0.0275162 , 0.929375 , 
0.000963045 , 0.000963045 , 0.00240761 , 0.00240761 , 0.00963045 , 0.00963045 , 0.0192609 , 0.0288913 , 0.925846 , 
0.000968833 , 0.000968833 , 0.00242208 , 0.00242208 , 0.00968833 , 0.00968833 , 0.0193767 , 0.029065 , 0.9254 , 
0.000920358 , 0.000920358 , 0.00230089 , 0.00230089 , 0.00920358 , 0.00920358 , 0.0184072 , 0.0276107 , 0.929132 , 
0.000806933 , 0.000806933 , 0.00201733 , 0.00201733 , 0.00806933 , 0.00806933 , 0.0161387 , 0.024208 , 0.937866 , 
0.000878879 , 0.000878879 , 0.0021972 , 0.0021972 , 0.00878879 , 0.00878879 , 0.0175776 , 0.0263664 , 0.932326 , 
0.000895261 , 0.000895261 , 0.00223815 , 0.00223815 , 0.00895261 , 0.00895261 , 0.0179052 , 0.0268578 , 0.931065 , 
0.000898003 , 0.000898003 , 0.00224501 , 0.00224501 , 0.00898003 , 0.00898003 , 0.0179601 , 0.0269401 , 0.930854 , 
0.000888619 , 0.000888619 , 0.00222155 , 0.00222155 , 0.00888619 , 0.00888619 , 0.0177724 , 0.0266586 , 0.931576 , 
0.000945691 , 0.000945691 , 0.00236423 , 0.00236423 , 0.00945691 , 0.00945691 , 0.0189138 , 0.0283707 , 0.927182 , 
0.000893754 , 0.000893754 , 0.00223438 , 0.00223438 , 0.00893754 , 0.00893754 , 0.0178751 , 0.0268126 , 0.931181 , 
0.000875826 , 0.000875826 , 0.00218956 , 0.00218956 , 0.00875826 , 0.00875826 , 0.0175165 , 0.0262748 , 0.932561 , 
0.000938571 , 0.000938571 , 0.00234643 , 0.00234643 , 0.00938571 , 0.00938571 , 0.0187714 , 0.0281571 , 0.92773 , 
0.000875549 , 0.000875549 , 0.00218887 , 0.00218887 , 0.00875549 , 0.00875549 , 0.017511 , 0.0262665 , 0.932583 , 
0.000950067 , 0.000950067 , 0.00237517 , 0.00237517 , 0.00950067 , 0.00950067 , 0.0190013 , 0.028502 , 0.926845 , 
0.000887668 , 0.000887668 , 0.00221917 , 0.00221917 , 0.00887668 , 0.00887668 , 0.0177534 , 0.02663 , 0.93165 , 
0.000928879 , 0.000928879 , 0.0023222 , 0.0023222 , 0.00928879 , 0.00928879 , 0.0185776 , 0.0278664 , 0.928476 , 
0.000911356 , 0.000911356 , 0.00227839 , 0.00227839 , 0.00911356 , 0.00911356 , 0.0182271 , 0.0273407 , 0.929826 , 
0.000933932 , 0.000933932 , 0.00233483 , 0.00233483 , 0.00933932 , 0.00933932 , 0.0186786 , 0.028018 , 0.928087 , 
0.000935775 , 0.000935775 , 0.00233944 , 0.00233944 , 0.00935775 , 0.00935775 , 0.0187155 , 0.0280732 , 0.927945 , 
0.00090654 , 0.00090654 , 0.00226635 , 0.00226635 , 0.0090654 , 0.0090654 , 0.0181308 , 0.0271962 , 0.930196 , 
0.000861857 , 0.000861857 , 0.00215464 , 0.00215464 , 0.00861857 , 0.00861857 , 0.0172371 , 0.0258557 , 0.933637 , 
0.000908523 , 0.000908523 , 0.00227131 , 0.00227131 , 0.00908523 , 0.00908523 , 0.0181705 , 0.0272557 , 0.930044 , 
0.000882675 , 0.000882675 , 0.00220669 , 0.00220669 , 0.00882675 , 0.00882675 , 0.0176535 , 0.0264803 , 0.932034 , 
0.000929158 , 0.000929158 , 0.0023229 , 0.0023229 , 0.00929158 , 0.00929158 , 0.0185832 , 0.0278747 , 0.928455 , 
0.000921684 , 0.000921684 , 0.00230421 , 0.00230421 , 0.00921684 , 0.00921684 , 0.0184337 , 0.0276505 , 0.92903 , 
0.000922814 , 0.000922814 , 0.00230704 , 0.00230704 , 0.00922814 , 0.00922814 , 0.0184563 , 0.0276844 , 0.928943 , 
0.000912244 , 0.000912244 , 0.00228061 , 0.00228061 , 0.00912244 , 0.00912244 , 0.0182449 , 0.0273673 , 0.929757 , 
0.000893924 , 0.000893924 , 0.00223481 , 0.00223481 , 0.00893924 , 0.00893924 , 0.0178785 , 0.0268177 , 0.931168 , 
0.000928869 , 0.000928869 , 0.00232217 , 0.00232217 , 0.00928869 , 0.00928869 , 0.0185774 , 0.0278661 , 0.928477 , 
0.000922842 , 0.000922842 , 0.00230711 , 0.00230711 , 0.00922842 , 0.00922842 , 0.0184568 , 0.0276853 , 0.928941 , 
0.000909628 , 0.000909628 , 0.00227407 , 0.00227407 , 0.00909628 , 0.00909628 , 0.0181926 , 0.0272888 , 0.929959 , 
0.000875792 , 0.000875792 , 0.00218948 , 0.00218948 , 0.00875792 , 0.00875792 , 0.0175158 , 0.0262738 , 0.932564 , 
0.000922664 , 0.000922664 , 0.00230666 , 0.00230666 , 0.00922664 , 0.00922664 , 0.0184533 , 0.0276799 , 0.928955 , 
0.000933318 , 0.000933318 , 0.00233329 , 0.00233329 , 0.00933318 , 0.00933318 , 0.0186664 , 0.0279995 , 0.928135 , 
0.000922478 , 0.000922478 , 0.0023062 , 0.0023062 , 0.00922478 , 0.00922478 , 0.0184496 , 0.0276743 , 0.928969 , 
0.000937738 , 0.000937738 , 0.00234434 , 0.00234434 , 0.00937738 , 0.00937738 , 0.0187548 , 0.0281321 , 0.927794 , 
0.000896514 , 0.000896514 , 0.00224128 , 0.00224128 , 0.00896514 , 0.00896514 , 0.0179303 , 0.0268954 , 0.930968 , 
0.000914699 , 0.000914699 , 0.00228675 , 0.00228675 , 0.00914699 , 0.00914699 , 0.018294 , 0.027441 , 0.929568 , 
0.000877838 , 0.000877838 , 0.0021946 , 0.0021946 , 0.00877838 , 0.00877838 , 0.0175568 , 0.0263351 , 0.932406 , 
0.000884582 , 0.000884582 , 0.00221145 , 0.00221145 , 0.00884582 , 0.00884582 , 0.0176916 , 0.0265375 , 0.931887 , 
0.000917143 , 0.000917143 , 0.00229286 , 0.00229286 , 0.00917143 , 0.00917143 , 0.0183429 , 0.0275143 , 0.92938 , 
0.000918508 , 0.000918508 , 0.00229627 , 0.00229627 , 0.00918508 , 0.00918508 , 0.0183702 , 0.0275552 , 0.929275 , 
0.000907389 , 0.000907389 , 0.00226847 , 0.00226847 , 0.00907389 , 0.00907389 , 0.0181478 , 0.0272217 , 0.930131 , 
0.000889823 , 0.000889823 , 0.00222456 , 0.00222456 , 0.00889823 , 0.00889823 , 0.0177965 , 0.0266947 , 0.931484 , 
0.000878499 , 0.000878499 , 0.00219625 , 0.00219625 , 0.00878499 , 0.00878499 , 0.01757 , 0.026355 , 0.932356 , 
0.000886968 , 0.000886968 , 0.00221742 , 0.00221742 , 0.00886968 , 0.00886968 , 0.0177394 , 0.026609 , 0.931703 , 
0.000888715 , 0.000888715 , 0.00222179 , 0.00222179 , 0.00888715 , 0.00888715 , 0.0177743 , 0.0266614 , 0.931569 , 
0.000892764 , 0.000892764 , 0.00223191 , 0.00223191 , 0.00892764 , 0.00892764 , 0.0178553 , 0.0267829 , 0.931257 , 
0.000896013 , 0.000896013 , 0.00224003 , 0.00224003 , 0.00896013 , 0.00896013 , 0.0179203 , 0.0268804 , 0.931007 , 
0.000883458 , 0.000883458 , 0.00220864 , 0.00220864 , 0.00883458 , 0.00883458 , 0.0176692 , 0.0265037 , 0.931974 , 
0.000905447 , 0.000905447 , 0.00226362 , 0.00226362 , 0.00905447 , 0.00905447 , 0.0181089 , 0.0271634 , 0.930281 , 
0.00091533 , 0.00091533 , 0.00228833 , 0.00228833 , 0.0091533 , 0.0091533 , 0.0183066 , 0.0274599 , 0.92952 , 
0.000894937 , 0.000894937 , 0.00223734 , 0.00223734 , 0.00894937 , 0.00894937 , 0.0178987 , 0.0268481 , 0.93109 , 
0.000934169 , 0.000934169 , 0.00233542 , 0.00233542 , 0.00934169 , 0.00934169 , 0.0186834 , 0.0280251 , 0.928069 , 
0.000930099 , 0.000930099 , 0.00232525 , 0.00232525 , 0.00930099 , 0.00930099 , 0.018602 , 0.027903 , 0.928382 , 
0.000932299 , 0.000932299 , 0.00233075 , 0.00233075 , 0.00932299 , 0.00932299 , 0.018646 , 0.027969 , 0.928213 , 
0.000914795 , 0.000914795 , 0.00228699 , 0.00228699 , 0.00914795 , 0.00914795 , 0.0182959 , 0.0274438 , 0.929561 , 
0.000925186 , 0.000925186 , 0.00231296 , 0.00231296 , 0.00925186 , 0.00925186 , 0.0185037 , 0.0277556 , 0.928761 , 
0.000920289 , 0.000920289 , 0.00230072 , 0.00230072 , 0.00920289 , 0.00920289 , 0.0184058 , 0.0276087 , 0.929138 , 
0.000932222 , 0.000932222 , 0.00233055 , 0.00233055 , 0.00932222 , 0.00932222 , 0.0186444 , 0.0279667 , 0.928219 , 
0.000931156 , 0.000931156 , 0.00232789 , 0.00232789 , 0.00931156 , 0.00931156 , 0.0186231 , 0.0279347 , 0.928301 , 
0.000889243 , 0.000889243 , 0.00222311 , 0.00222311 , 0.00889243 , 0.00889243 , 0.0177849 , 0.0266773 , 0.931528 , 
0.000912462 , 0.000912462 , 0.00228115 , 0.00228115 , 0.00912462 , 0.00912462 , 0.0182492 , 0.0273739 , 0.92974 , 
0.000917802 , 0.000917802 , 0.00229451 , 0.00229451 , 0.00917802 , 0.00917802 , 0.018356 , 0.0275341 , 0.929329 , 
0.000902017 , 0.000902017 , 0.00225504 , 0.00225504 , 0.00902017 , 0.00902017 , 0.0180403 , 0.0270605 , 0.930545 , 
0.000908907 , 0.000908907 , 0.00227227 , 0.00227227 , 0.00908907 , 0.00908907 , 0.0181781 , 0.0272672 , 0.930014 , 
0.000889041 , 0.000889041 , 0.0022226 , 0.0022226 , 0.00889041 , 0.00889041 , 0.0177808 , 0.0266712 , 0.931544 , 
0.000876533 , 0.000876533 , 0.00219133 , 0.00219133 , 0.00876533 , 0.00876533 , 0.0175307 , 0.026296 , 0.932507 , 
0.000922175 , 0.000922175 , 0.00230544 , 0.00230544 , 0.00922175 , 0.00922175 , 0.0184435 , 0.0276652 , 0.928993 , 
0.000925542 , 0.000925542 , 0.00231385 , 0.00231385 , 0.00925542 , 0.00925542 , 0.0185108 , 0.0277663 , 0.928733 , 
0.000909341 , 0.000909341 , 0.00227335 , 0.00227335 , 0.00909341 , 0.00909341 , 0.0181868 , 0.0272802 , 0.929981 , 
0.000912013 , 0.000912013 , 0.00228003 , 0.00228003 , 0.00912013 , 0.00912013 , 0.0182403 , 0.0273604 , 0.929775 , 
0.000884198 , 0.000884198 , 0.0022105 , 0.0022105 , 0.00884198 , 0.00884198 , 0.017684 , 0.0265259 , 0.931917 , 
0.000902008 , 0.000902008 , 0.00225502 , 0.00225502 , 0.00902008 , 0.00902008 , 0.0180402 , 0.0270603 , 0.930545 , 
0.000905734 , 0.000905734 , 0.00226433 , 0.00226433 , 0.00905734 , 0.00905734 , 0.0181147 , 0.027172 , 0.930259 , 
0.000888541 , 0.000888541 , 0.00222135 , 0.00222135 , 0.00888541 , 0.00888541 , 0.0177708 , 0.0266562 , 0.931582 , 
0.000927659 , 0.000927659 , 0.00231915 , 0.00231915 , 0.00927659 , 0.00927659 , 0.0185532 , 0.0278298 , 0.92857 , 
0.000927861 , 0.000927861 , 0.00231965 , 0.00231965 , 0.00927861 , 0.00927861 , 0.0185572 , 0.0278358 , 0.928555 , 
0.000918133 , 0.000918133 , 0.00229533 , 0.00229533 , 0.00918133 , 0.00918133 , 0.0183627 , 0.027544 , 0.929304 , 
0.000880878 , 0.000880878 , 0.0022022 , 0.0022022 , 0.00880878 , 0.00880878 , 0.0176176 , 0.0264263 , 0.932172 , 
0.000876336 , 0.000876336 , 0.00219084 , 0.00219084 , 0.00876336 , 0.00876336 , 0.0175267 , 0.0262901 , 0.932522 , 
0.000932351 , 0.000932351 , 0.00233088 , 0.00233088 , 0.00932351 , 0.00932351 , 0.018647 , 0.0279705 , 0.928209 , 
0.000885482 , 0.000885482 , 0.0022137 , 0.0022137 , 0.00885482 , 0.00885482 , 0.0177096 , 0.0265645 , 0.931818 , 
0.000879501 , 0.000879501 , 0.00219875 , 0.00219875 , 0.00879501 , 0.00879501 , 0.01759 , 0.026385 , 0.932278 , 
0.000926062 , 0.000926062 , 0.00231515 , 0.00231515 , 0.00926062 , 0.00926062 , 0.0185212 , 0.0277819 , 0.928693 , 
0.000881408 , 0.000881408 , 0.00220352 , 0.00220352 , 0.00881408 , 0.00881408 , 0.0176282 , 0.0264423 , 0.932132 , 
0.000904943 , 0.000904943 , 0.00226236 , 0.00226236 , 0.00904943 , 0.00904943 , 0.0180989 , 0.0271483 , 0.930319 , 
0.000893307 , 0.000893307 , 0.00223327 , 0.00223327 , 0.00893307 , 0.00893307 , 0.0178661 , 0.0267992 , 0.931215 , 
0.000902582 , 0.000902582 , 0.00225645 , 0.00225645 , 0.00902582 , 0.00902582 , 0.0180516 , 0.0270775 , 0.930501 , 
0.000898587 , 0.000898587 , 0.00224647 , 0.00224647 , 0.00898587 , 0.00898587 , 0.0179717 , 0.0269576 , 0.930809 , 
0.000871712 , 0.000871712 , 0.00217928 , 0.00217928 , 0.00871712 , 0.00871712 , 0.0174342 , 0.0261514 , 0.932878 , 
0.000895125 , 0.000895125 , 0.00223781 , 0.00223781 , 0.00895125 , 0.00895125 , 0.0179025 , 0.0268537 , 0.931075 , 
0.000903634 , 0.000903634 , 0.00225909 , 0.00225909 , 0.00903634 , 0.00903634 , 0.0180727 , 0.027109 , 0.93042 , 
0.000907189 , 0.000907189 , 0.00226797 , 0.00226797 , 0.00907189 , 0.00907189 , 0.0181438 , 0.0272157 , 0.930146 , 
0.000888775 , 0.000888775 , 0.00222194 , 0.00222194 , 0.00888775 , 0.00888775 , 0.0177755 , 0.0266633 , 0.931564 , 
0.000895126 , 0.000895126 , 0.00223781 , 0.00223781 , 0.00895126 , 0.00895126 , 0.0179025 , 0.0268538 , 0.931075 , 
0.000889509 , 0.000889509 , 0.00222377 , 0.00222377 , 0.00889509 , 0.00889509 , 0.0177902 , 0.0266853 , 0.931508 , 
0.000918053 , 0.000918053 , 0.00229513 , 0.00229513 , 0.00918053 , 0.00918053 , 0.0183611 , 0.0275416 , 0.92931 , 
0.000882547 , 0.000882547 , 0.00220637 , 0.00220637 , 0.00882547 , 0.00882547 , 0.0176509 , 0.0264764 , 0.932044 , 
0.000881183 , 0.000881183 , 0.00220296 , 0.00220296 , 0.00881183 , 0.00881183 , 0.0176237 , 0.0264355 , 0.932149 , 
0.000929596 , 0.000929596 , 0.00232399 , 0.00232399 , 0.00929596 , 0.00929596 , 0.0185919 , 0.0278879 , 0.928421 , 
0.000883668 , 0.000883668 , 0.00220917 , 0.00220917 , 0.00883668 , 0.00883668 , 0.0176734 , 0.02651 , 0.931958 , 
0.000882799 , 0.000882799 , 0.002207 , 0.002207 , 0.00882799 , 0.00882799 , 0.017656 , 0.026484 , 0.932024 , 
0.000892986 , 0.000892986 , 0.00223246 , 0.00223246 , 0.00892986 , 0.00892986 , 0.0178597 , 0.0267896 , 0.93124 , 
0.000881652 , 0.000881652 , 0.00220413 , 0.00220413 , 0.00881652 , 0.00881652 , 0.017633 , 0.0264496 , 0.932113 , 
0.00088661 , 0.00088661 , 0.00221652 , 0.00221652 , 0.0088661 , 0.0088661 , 0.0177322 , 0.0265983 , 0.931731 , 
0.000904136 , 0.000904136 , 0.00226034 , 0.00226034 , 0.00904136 , 0.00904136 , 0.0180827 , 0.0271241 , 0.930382 , 
0.000895805 , 0.000895805 , 0.00223951 , 0.00223951 , 0.00895805 , 0.00895805 , 0.0179161 , 0.0268742 , 0.931023 , 
0.000896061 , 0.000896061 , 0.00224015 , 0.00224015 , 0.00896061 , 0.00896061 , 0.0179212 , 0.0268818 , 0.931003 , 
0.000885142 , 0.000885142 , 0.00221286 , 0.00221286 , 0.00885142 , 0.00885142 , 0.0177028 , 0.0265543 , 0.931844 , 
0.000896214 , 0.000896214 , 0.00224054 , 0.00224054 , 0.00896214 , 0.00896214 , 0.0179243 , 0.0268864 , 0.930992 , 
0.000905346 , 0.000905346 , 0.00226336 , 0.00226336 , 0.00905346 , 0.00905346 , 0.0181069 , 0.0271604 , 0.930288 , 
0.000890571 , 0.000890571 , 0.00222643 , 0.00222643 , 0.00890571 , 0.00890571 , 0.0178114 , 0.0267171 , 0.931426 , 
0.000887419 , 0.000887419 , 0.00221855 , 0.00221855 , 0.00887419 , 0.00887419 , 0.0177484 , 0.0266226 , 0.931669 , 
0.000882972 , 0.000882972 , 0.00220743 , 0.00220743 , 0.00882972 , 0.00882972 , 0.0176594 , 0.0264892 , 0.932011 , 
0.000884151 , 0.000884151 , 0.00221038 , 0.00221038 , 0.00884151 , 0.00884151 , 0.017683 , 0.0265245 , 0.93192 , 
0.000883441 , 0.000883441 , 0.0022086 , 0.0022086 , 0.00883441 , 0.00883441 , 0.0176688 , 0.0265032 , 0.931975 , 
0.000919332 , 0.000919332 , 0.00229833 , 0.00229833 , 0.00919332 , 0.00919332 , 0.0183866 , 0.02758 , 0.929211 , 
0.000884728 , 0.000884728 , 0.00221182 , 0.00221182 , 0.00884728 , 0.00884728 , 0.0176946 , 0.0265418 , 0.931876 , 
0.000884174 , 0.000884174 , 0.00221044 , 0.00221044 , 0.00884174 , 0.00884174 , 0.0176835 , 0.0265252 , 0.931919 , 
0.000890002 , 0.000890002 , 0.00222501 , 0.00222501 , 0.00890002 , 0.00890002 , 0.0178 , 0.0267001 , 0.93147 , 
0.000883703 , 0.000883703 , 0.00220926 , 0.00220926 , 0.00883703 , 0.00883703 , 0.0176741 , 0.0265111 , 0.931955 , 
0.000885894 , 0.000885894 , 0.00221473 , 0.00221473 , 0.00885894 , 0.00885894 , 0.0177179 , 0.0265768 , 0.931786 , 
0.00088511 , 0.00088511 , 0.00221277 , 0.00221277 , 0.0088511 , 0.0088511 , 0.0177022 , 0.0265533 , 0.931847 , 
0.000882096 , 0.000882096 , 0.00220524 , 0.00220524 , 0.00882096 , 0.00882096 , 0.0176419 , 0.0264629 , 0.932079 , 
0.000893572 , 0.000893572 , 0.00223393 , 0.00223393 , 0.00893572 , 0.00893572 , 0.0178714 , 0.0268072 , 0.931195 , 
0.000889663 , 0.000889663 , 0.00222416 , 0.00222416 , 0.00889663 , 0.00889663 , 0.0177933 , 0.0266899 , 0.931496 , 
0.000904504 , 0.000904504 , 0.00226126 , 0.00226126 , 0.00904504 , 0.00904504 , 0.0180901 , 0.0271351 , 0.930353 , 
0.000888346 , 0.000888346 , 0.00222087 , 0.00222087 , 0.00888346 , 0.00888346 , 0.0177669 , 0.0266504 , 0.931597 , 
0.000875772 , 0.000875772 , 0.00218943 , 0.00218943 , 0.00875772 , 0.00875772 , 0.0175154 , 0.0262731 , 0.932566 , 
0.000911024 , 0.000911024 , 0.00227756 , 0.00227756 , 0.00911024 , 0.00911024 , 0.0182205 , 0.0273307 , 0.929851 , 
0.000878013 , 0.000878013 , 0.00219503 , 0.00219503 , 0.00878013 , 0.00878013 , 0.0175603 , 0.0263404 , 0.932393 , 
0.000877445 , 0.000877445 , 0.00219361 , 0.00219361 , 0.00877445 , 0.00877445 , 0.0175489 , 0.0263233 , 0.932437 , 
0.00088074 , 0.00088074 , 0.00220185 , 0.00220185 , 0.0088074 , 0.0088074 , 0.0176148 , 0.0264222 , 0.932183 , 
0.000877398 , 0.000877398 , 0.00219349 , 0.00219349 , 0.00877398 , 0.00877398 , 0.017548 , 0.0263219 , 0.93244 , 
0.000872644 , 0.000872644 , 0.00218161 , 0.00218161 , 0.00872644 , 0.00872644 , 0.0174529 , 0.0261793 , 0.932806 , 
0.00087865 , 0.00087865 , 0.00219663 , 0.00219663 , 0.0087865 , 0.0087865 , 0.017573 , 0.0263595 , 0.932344 , 
0.000880924 , 0.000880924 , 0.00220231 , 0.00220231 , 0.00880924 , 0.00880924 , 0.0176185 , 0.0264277 , 0.932169 , 
0.000879527 , 0.000879527 , 0.00219882 , 0.00219882 , 0.00879527 , 0.00879527 , 0.0175905 , 0.0263858 , 0.932276 , 
0.000881247 , 0.000881247 , 0.00220312 , 0.00220312 , 0.00881247 , 0.00881247 , 0.0176249 , 0.0264374 , 0.932144 , 
0.00087667 , 0.00087667 , 0.00219168 , 0.00219168 , 0.0087667 , 0.0087667 , 0.0175334 , 0.0263001 , 0.932496 , 
0.000881933 , 0.000881933 , 0.00220483 , 0.00220483 , 0.00881933 , 0.00881933 , 0.0176387 , 0.026458 , 0.932091 , 
0.000880023 , 0.000880023 , 0.00220006 , 0.00220006 , 0.00880023 , 0.00880023 , 0.0176005 , 0.0264007 , 0.932238 , 
0.000874929 , 0.000874929 , 0.00218732 , 0.00218732 , 0.00874929 , 0.00874929 , 0.0174986 , 0.0262479 , 0.93263 , 
0.000883348 , 0.000883348 , 0.00220837 , 0.00220837 , 0.00883348 , 0.00883348 , 0.017667 , 0.0265004 , 0.931982 , 
0.000876362 , 0.000876362 , 0.00219091 , 0.00219091 , 0.00876362 , 0.00876362 , 0.0175272 , 0.0262909 , 0.93252 , 
0.000883967 , 0.000883967 , 0.00220992 , 0.00220992 , 0.00883967 , 0.00883967 , 0.0176793 , 0.026519 , 0.931935 , 
0.000880573 , 0.000880573 , 0.00220143 , 0.00220143 , 0.00880573 , 0.00880573 , 0.0176115 , 0.0264172 , 0.932196 , 
0.000876319 , 0.000876319 , 0.0021908 , 0.0021908 , 0.00876319 , 0.00876319 , 0.0175264 , 0.0262896 , 0.932523 , 
0.000883455 , 0.000883455 , 0.00220864 , 0.00220864 , 0.00883455 , 0.00883455 , 0.0176691 , 0.0265037 , 0.931974 , 
0.000877354 , 0.000877354 , 0.00219339 , 0.00219339 , 0.00877354 , 0.00877354 , 0.0175471 , 0.0263206 , 0.932444 , 
0.000881006 , 0.000881006 , 0.00220252 , 0.00220252 , 0.00881006 , 0.00881006 , 0.0176201 , 0.0264302 , 0.932163 , 
0.000877499 , 0.000877499 , 0.00219375 , 0.00219375 , 0.00877499 , 0.00877499 , 0.01755 , 0.026325 , 0.932433 , 
0.000875684 , 0.000875684 , 0.00218921 , 0.00218921 , 0.00875684 , 0.00875684 , 0.0175137 , 0.0262705 , 0.932572 , 
0.000875745 , 0.000875745 , 0.00218936 , 0.00218936 , 0.00875745 , 0.00875745 , 0.0175149 , 0.0262724 , 0.932568 , 
0.000880516 , 0.000880516 , 0.00220129 , 0.00220129 , 0.00880516 , 0.00880516 , 0.0176103 , 0.0264155 , 0.9322 , 
0.00087008 , 0.00087008 , 0.0021752 , 0.0021752 , 0.0087008 , 0.0087008 , 0.0174016 , 0.0261024 , 0.933004 , 
0.000871053 , 0.000871053 , 0.00217763 , 0.00217763 , 0.00871053 , 0.00871053 , 0.0174211 , 0.0261316 , 0.932929 , 
0.000875925 , 0.000875925 , 0.00218981 , 0.00218981 , 0.00875925 , 0.00875925 , 0.0175185 , 0.0262777 , 0.932554 , 
0.000870822 , 0.000870822 , 0.00217706 , 0.00217706 , 0.00870822 , 0.00870822 , 0.0174164 , 0.0261247 , 0.932947 , 
0.000875815 , 0.000875815 , 0.00218954 , 0.00218954 , 0.00875815 , 0.00875815 , 0.0175163 , 0.0262744 , 0.932562 , 
0.000874659 , 0.000874659 , 0.00218665 , 0.00218665 , 0.00874659 , 0.00874659 , 0.0174932 , 0.0262398 , 0.932651 , 
0.000875263 , 0.000875263 , 0.00218816 , 0.00218816 , 0.00875263 , 0.00875263 , 0.0175053 , 0.0262579 , 0.932605 , 
0.000870997 , 0.000870997 , 0.00217749 , 0.00217749 , 0.00870997 , 0.00870997 , 0.0174199 , 0.0261299 , 0.932933 , 
0.00087229 , 0.00087229 , 0.00218072 , 0.00218072 , 0.0087229 , 0.0087229 , 0.0174458 , 0.0261687 , 0.932834 , 
0.000875604 , 0.000875604 , 0.00218901 , 0.00218901 , 0.00875604 , 0.00875604 , 0.0175121 , 0.0262681 , 0.932578 , 
0.000872351 , 0.000872351 , 0.00218088 , 0.00218088 , 0.00872351 , 0.00872351 , 0.017447 , 0.0261705 , 0.932829 , 
0.000875012 , 0.000875012 , 0.00218753 , 0.00218753 , 0.00875012 , 0.00875012 , 0.0175002 , 0.0262504 , 0.932624 , 
0.000876438 , 0.000876438 , 0.0021911 , 0.0021911 , 0.00876438 , 0.00876438 , 0.0175288 , 0.0262931 , 0.932514 , 
0.00087633 , 0.00087633 , 0.00219082 , 0.00219082 , 0.0087633 , 0.0087633 , 0.0175266 , 0.0262899 , 0.932523 , 
0.000879964 , 0.000879964 , 0.00219991 , 0.00219991 , 0.00879964 , 0.00879964 , 0.0175993 , 0.0263989 , 0.932243 , 
0.000876188 , 0.000876188 , 0.00219047 , 0.00219047 , 0.00876188 , 0.00876188 , 0.0175238 , 0.0262856 , 0.932533 , 
0.000875604 , 0.000875604 , 0.00218901 , 0.00218901 , 0.00875604 , 0.00875604 , 0.0175121 , 0.0262681 , 0.932579 , 
0.000876549 , 0.000876549 , 0.00219137 , 0.00219137 , 0.00876549 , 0.00876549 , 0.017531 , 0.0262965 , 0.932506 , 
0.000874649 , 0.000874649 , 0.00218662 , 0.00218662 , 0.00874649 , 0.00874649 , 0.017493 , 0.0262395 , 0.932652 , 
0.000870373 , 0.000870373 , 0.00217593 , 0.00217593 , 0.00870373 , 0.00870373 , 0.0174075 , 0.0261112 , 0.932981 , 
0.000874654 , 0.000874654 , 0.00218663 , 0.00218663 , 0.00874654 , 0.00874654 , 0.0174931 , 0.0262396 , 0.932652 , 
0.00087411 , 0.00087411 , 0.00218527 , 0.00218527 , 0.0087411 , 0.0087411 , 0.0174822 , 0.0262233 , 0.932694 , 
0.000874652 , 0.000874652 , 0.00218663 , 0.00218663 , 0.00874652 , 0.00874652 , 0.017493 , 0.0262396 , 0.932652 , 
0.000874217 , 0.000874217 , 0.00218554 , 0.00218554 , 0.00874217 , 0.00874217 , 0.0174843 , 0.0262265 , 0.932685 , 
0.000874553 , 0.000874553 , 0.00218638 , 0.00218638 , 0.00874553 , 0.00874553 , 0.0174911 , 0.0262366 , 0.932659 , 
0.000874202 , 0.000874202 , 0.00218551 , 0.00218551 , 0.00874202 , 0.00874202 , 0.017484 , 0.0262261 , 0.932686 , 
0.000871187 , 0.000871187 , 0.00217797 , 0.00217797 , 0.00871187 , 0.00871187 , 0.0174237 , 0.0261356 , 0.932919 , 
0.000874724 , 0.000874724 , 0.00218681 , 0.00218681 , 0.00874724 , 0.00874724 , 0.0174945 , 0.0262417 , 0.932646 , 
0.000874904 , 0.000874904 , 0.00218726 , 0.00218726 , 0.00874904 , 0.00874904 , 0.0174981 , 0.0262471 , 0.932632 , 
0.000874475 , 0.000874475 , 0.00218619 , 0.00218619 , 0.00874475 , 0.00874475 , 0.0174895 , 0.0262342 , 0.932665 , 
0.000875053 , 0.000875053 , 0.00218763 , 0.00218763 , 0.00875053 , 0.00875053 , 0.0175011 , 0.0262516 , 0.932621 , 
0.000871316 , 0.000871316 , 0.00217829 , 0.00217829 , 0.00871316 , 0.00871316 , 0.0174263 , 0.0261395 , 0.932909 , 
0.000874464 , 0.000874464 , 0.00218616 , 0.00218616 , 0.00874464 , 0.00874464 , 0.0174893 , 0.0262339 , 0.932666 , 
0.000870529 , 0.000870529 , 0.00217632 , 0.00217632 , 0.00870529 , 0.00870529 , 0.0174106 , 0.0261159 , 0.932969 , 
0.000870953 , 0.000870953 , 0.00217738 , 0.00217738 , 0.00870953 , 0.00870953 , 0.0174191 , 0.0261286 , 0.932937 , 
0.000875104 , 0.000875104 , 0.00218776 , 0.00218776 , 0.00875104 , 0.00875104 , 0.0175021 , 0.0262531 , 0.932617 , 
0.000873903 , 0.000873903 , 0.00218476 , 0.00218476 , 0.00873903 , 0.00873903 , 0.0174781 , 0.0262171 , 0.932709 , 
0.000870542 , 0.000870542 , 0.00217635 , 0.00217635 , 0.00870542 , 0.00870542 , 0.0174108 , 0.0261163 , 0.932968 , 
0.000870267 , 0.000870267 , 0.00217567 , 0.00217567 , 0.00870267 , 0.00870267 , 0.0174053 , 0.026108 , 0.932989 , 
0.000870609 , 0.000870609 , 0.00217652 , 0.00217652 , 0.00870609 , 0.00870609 , 0.0174122 , 0.0261183 , 0.932963 , 
0.000870315 , 0.000870315 , 0.00217579 , 0.00217579 , 0.00870315 , 0.00870315 , 0.0174063 , 0.0261095 , 0.932986 , 
0.000874067 , 0.000874067 , 0.00218517 , 0.00218517 , 0.00874067 , 0.00874067 , 0.0174813 , 0.026222 , 0.932697 , 
0.000873901 , 0.000873901 , 0.00218475 , 0.00218475 , 0.00873901 , 0.00873901 , 0.017478 , 0.026217 , 0.93271 , 
0.00087426 , 0.00087426 , 0.00218565 , 0.00218565 , 0.0087426 , 0.0087426 , 0.0174852 , 0.0262278 , 0.932682 , 
0.000874193 , 0.000874193 , 0.00218548 , 0.00218548 , 0.00874193 , 0.00874193 , 0.0174839 , 0.0262258 , 0.932687 , 
0.000874415 , 0.000874415 , 0.00218604 , 0.00218604 , 0.00874415 , 0.00874415 , 0.0174883 , 0.0262324 , 0.93267 , 
0.000870395 , 0.000870395 , 0.00217599 , 0.00217599 , 0.00870395 , 0.00870395 , 0.0174079 , 0.0261119 , 0.93298 , 
